film,revenue,budget,est_profit
Inception,825532764,160000000,665532764
The Matrix,463517383,63000000,400517383
Avengers: Infinity War,2046239637,300000000,1746239637
Back to the Future,381109762,19000000,362109762
"The Good, the Bad and the Ugly",25118063,1200000,23918063
Spider-Man: Into the Spider-Verse,375540831,90000000,285540831
The Pianist,120072577,35000000,85072577
Django Unchained,425368238,100000000,325368238
Raiders of the Lost Ark,389925971,18000000,371925971
Inglourious Basterds,321455689,70000000,251455689
Taxi Driver,28262574,1300000,26962574
3 Idiots,70000000,9000000,61000000
Pan's Labyrinth,83258226,19000000,64258226
Room,35401758,13000000,22401758
Monty Python and the Holy Grail,5028948,400000,4628948
Once Upon a Time in the West,5321508,5000000,321508
Indiana Jones and the Last Crusade,474171806,48000000,426171806
Groundhog Day,70906973,14600000,56306973
The King's Speech,414211549,15000000,399211549
Her,47351251,23000000,24351251
There Will Be Blood,77208711,25000000,52208711
The Social Network,224920315,40000000,184920315
Dallas Buyers Club,55736588,5000000,50736588
The Perks of Being a Wallflower,33400000,13000000,20400000
Life of Brian,20045115,4000000,16045115
Ex Machina,36869414,15000000,21869414
Silver Linings Playbook,236412453,21000000,215412453
District 9,210819611,30000000,180819611
The Irishman,8000000,159000000,-151000000
Moon,9760104,5000000,4760104
Marriage Story,2300000,19000000,-16700000
Drive,78054825,15000000,63054825
Train to Busan,87547518,8820000,78727518
Incredibles 2,1242805359,200000000,1042805359
Dangal,310000000,10400000,299600000
Klaus,0,0,0
Minority Report,358372926,102000000,256372926
Mystic River,156822020,25000000,131822020
Like Stars on Earth,28430000,2600000,25830000
Ferris Bueller's Day Off,70136369,6000000,64136369
Despicable Me,543513985,69000000,474513985
Hell or High Water,37589296,12000000,25589296
Sin City,158733820,40000000,118733820
Ip Man,21888598,11715578,10173020
Indiana Jones and the Temple of Doom,333000000,28000000,305000000
The Theory of Everything,123726688,15000000,108726688
The Pursuit of Happyness,307077295,55000000,252077295
Senna,8212430,0,8212430
Scott Pilgrim vs. the World,47664559,60000000,-12335441
Magnolia,48451803,37000000,11451803
The Hateful Eight,155760117,44000000,111760117
The Artist,133432856,15000000,118432856
Moonlight,65046687,4000000,61046687
Back to the Future Part II,332000000,40000000,292000000
Willy Wonka & the Chocolate Factory,4000000,3000000,1000000
What's Eating Gilbert Grape,10032765,11000000,-967235
The Curious Case of Benjamin Button,333932083,150000000,183932083
A Silent Voice,30156463,0,30156463
Snowpiercer,86758912,39200000,47558912
Hugo,185770160,170000000,15770160
Ant-Man and the Wasp,622674139,140000000,482674139
As Good as It Gets,314178011,50000000,264178011
Back to the Future Part III,244527583,40000000,204527583
Searching for Sugar Man,0,0,0
Road to Perdition,181001478,80000000,101001478
To All the Boys I've Loved Before,0,0,0
Molly's Game,59284015,30000000,29284015
Blackfish,2063312,0,2063312
El Camino: A Breaking Bad Movie,0,6000000,-6000000
The Invisible Guest,30000000,4000000,26000000
Song of the Sea,857522,0,857522
End of Watch,48126384,7000000,41126384
The Evil Dead,29400000,350000,29050000
About Time,87100449,12000000,75100449
Kung Fu Hustle,101434304,20000000,81434304
Blue Is the Warmest Color,10165694,4300000,5865694
Y Tu Mamá También,33616692,5000000,28616692
The Naked Gun: From the Files of Police Squad!,78756177,12000000,66756177
Mud,21587700,10000000,11587700
The Edge of Seventeen,18803648,9000000,9803648
Philadelphia,206678440,26000000,180678440
Lagaan: Once Upon a Time in India,8100000,5200000,2900000
Tucker and Dale vs. Evil,5224938,5000000,224938
The Matrix Reloaded,738599701,150000000,588599701
The Two Popes,232638,0,232638
The Last Samurai,456758981,140000000,316758981
The Florida Project,11303040,2000000,9303040
13th,0,0,0
Bahubali: The Beginning,90747520,25130430,65617090
The Dawn Wall,0,0,0
Dolemite Is My Name,0,0,0
Tarzan,448191819,130000000,318191819
The Platform,0,0,0
Okja,0,50000000,-50000000
Roma,1140769,15000000,-13859231
Saving Mr. Banks,112544580,35000000,77544580
Icarus,0,0,0
Jiro Dreams of Sushi,2550508,0,2550508
Corpse Bride,117195061,40000000,77195061
Jerry Maguire,273552592,50000000,223552592
The Death of Stalin,24640027,13000000,11640027
GoldenEye,352194034,58000000,294194034
The Boy in the Striped Pyjamas,20416563,12500000,7916563
Amy,8413144,0,8413144
Ralph Breaks the Internet,529221154,175000000,354221154
Good Time,3283369,0,3283369
Ip Man 2,36000000,12902809,23097191
The Little Prince,97571250,64000000,33571250
The Spectacular Now,6854611,2500000,4354611
Black Mirror: Bandersnatch,0,0,0
PK,120000000,13000000,107000000
Extraction,0,65000000,-65000000
The Lobster,15656193,4000000,11656193
Blue Valentine,16566240,3500000,13066240
Zindagi Na Milegi Dobara,160000000,7700000,152300000
Green Room,3220371,5000000,-1779629
Kung Fu Panda 2,631910531,150000000,481910531
The Ballad of Buster Scruggs,0,0,0
Cloverfield,170764026,25000000,145764026
Burning,0,0,0
The Adventures of Tintin,371940071,130000000,241940071
Bolt,309979994,150000000,159979994
Neon Genesis Evangelion: The End of Evangelion,20000000,0,20000000
Chasing Amy,12021272,250000,11771272
The Princess and the Frog,270997378,105000000,165997378
Bad Genius,0,1839169,-1839169
The Wicker Man,0,810000,-810000
A Single Man,24964890,7000000,17964890
Blow,83282296,53000000,30282296
The Squid and the Whale,11098131,1500000,9598131
My Life as a Zucchini,5873256,8000000,-2126744
"Jim & Andy: The Great Beyond- Featuring a Very Special, Contractually Obligated Mention of Tony Clifton",0,0,0
Barfi!,2804874,4437508,-1632634
Frances Ha,4069826,0,4069826
Tootsie,177200000,21000000,156200000
Solo: A Star Wars Story,392952373,250000000,142952373
Steve Jobs,34441873,30000000,4441873
Tremors,48572000,11000000,37572000
The Croods,587204668,135000000,452204668
Locke,4635300,2000000,2635300
Bill Burr: I'm Sorry You Feel That Way,0,0,0
Starred Up,54915,0,54915
Mudbound,0,10000000,-10000000
Austin Powers: International Man of Mystery,67683989,16500000,51183989
Blue Ruin,993313,420000,573313
The Patriot,215294342,110000000,105294342
Babel,135330182,25000000,110330182
The Square,0,0,0
Gerald's Game,0,0,0
Miracle,64445708,28000000,36445708
Swades,4800000,2900000,1900000
Tinker Tailor Soldier Spy,80630608,30000000,50630608
The Witch,40423945,3500000,36923945
Haider,11500000,7000000,4500000
Padman,0,0,0
Hush,0,0,0
Elizabeth,82150642,30000000,52150642
Miss Americana,0,0,0
Christopher Robin,99138899,75000000,24138899
I Lost My Body,0,0,0
I Am Mother,643593,0,643593
Lupin the Third: The Castle of Cagliostro,8194857,7202188,992669
The Autopsy of Jane Doe,5972942,0,5972942
Virunga,0,0,0
Freedom Writers,43095175,21000000,22095175
The Master,28258060,32000000,-3741940
A Serious Man,31430334,7000000,24430334
The King,0,0,0
The Breadwinner,312381,0,312381
The Boy Who Harnessed the Wind,0,0,0
Article 15,0,0,0
The Killing of a Sacred Deer,2291901,0,2291901
Lawless,53676580,26000000,27676580
Kabhi Khushi Kabhie Gham,0,0,0
Charlie and the Chocolate Factory,474968763,150000000,324968763
Freaks,333593,0,333593
Hannah Gadsby: Nanette,0,0,0
The Mask of Zorro,250288523,95000000,155288523
The Natural,47951979,28000000,19951979
Equilibrium,5359645,20000000,-14640355
Arthur Christmas,0,10000000,-10000000
The Rainmaker,45916769,40000000,5916769
Winter on Fire: Ukraine's Fight for Freedom,0,0,0
Always Be My Maybe,0,0,0
The Crying Game,62548947,3705538,58843409
War Horse,177584879,66000000,111584879
Shot Caller,0,0,0
The Invitation,231737,0,231737
A Most Violent Year,12007070,20000000,-7992930
The Other Guys,170432927,100000000,70432927
Kapoor & Sons,0,0,0
On Body and Soul,0,0,0
The Fundamentals of Caring,0,0,0
Insidious,97009150,1500000,95509150
Bill Burr: Paper Tiger,0,0,0
Bad Boys,141407024,19000000,122407024
The Foreigner,145374099,35000000,110374099
The Danish Girl,64191523,15000000,49191523
The Girl with All the Gifts,0,5005600,-5005600
Bird Box,0,19800000,-19800000
The Ring,249348933,48000000,201348933
Hostiles,29819114,55000000,-25180886
Sairat,0,0,0
Trumbo,8235661,15000000,-6764339
LA 92,0,0,0
20th Century Women,5664764,7000000,-1335236
Kal Ho Naa Ho,0,0,0
Swiss Army Man,4210454,3000000,1210454
In This Corner of the World,19496308,0,19496308
A Ghost Story,1596371,100000,1496371
United 93,76286096,15000000,61286096
Patriot Games,178051587,45000000,133051587
The Secret Life of Pets 2,155152550,80000000,75152550
Hitch,368100420,70000000,298100420
The Young Offenders,0,0,0
Enemy,3396726,0,3396726
Mirage,17325485,0,17325485
Everybody's Everything,0,0,0
Indiana Jones and the Kingdom of the Crystal Skull,786636033,185000000,601636033
The Guernsey Literary & Potato Peel Pie Society,0,0,0
I Don't Feel at Home in This World Anymore,0,0,0
The Endless,956425,0,956425
Julie & Julia,129540499,40000000,89540499
The Game Changers,0,0,0
Under the Shadow,0,0,0
Angel Has Fallen,146661977,40000000,106661977
Kon-Tiki,0,16600000,-16600000
Mary Poppins Returns,348807090,130000000,218807090
Kajaki,0,0,0
The Fear of 13,0,0,0
The Night Comes for Us,0,0,0
Blood Father,6903033,13000000,-6096967
Stree,0,0,0
American Factory,0,0,0
Code 8,157209,0,157209
Salt,293329073,110000000,183329073
The Hundred-Foot Journey,88880821,22000000,66880821
The Distinguished Citizen,0,0,0
Scooby-Doo on Zombie Island,0,0,0
Chasing Coral,0,0,0
The End of the Tour,3002884,0,3002884
The One I Love,513447,0,513447
Underworld,95708457,22000000,73708457
The Death of Mr. Lazarescu,216000,390000,-174000
Madagascar: Escape 2 Africa,603900354,150000000,453900354
The Wolf's Call,0,0,0
What Happened to Monday,27975429,0,27975429
The Willoughbys,0,0,0
The White Helmets,0,0,0
Suburra,0,7000000,-7000000
The Matrix Revolutions,424988211,150000000,274988211
Richard Pryor: Live in Concert,0,0,0
Austin Powers: The Spy Who Shagged Me,312016858,33000000,279016858
Get Him to the Greek,90029656,40000000,50029656
Slow West,229094,0,229094
The Meyerowitz Stories (New and Selected),0,0,0
The Battered Bastards of Baseball,0,0,0
The Perfection,0,0,0
Ip Man 3,156844753,36000000,120844753
Sinister,82515113,3000000,79515113
Rush: Beyond the Lighted Stage,0,0,0
20 Feet from Stardom,5892466,1000000,4892466
The Stanford Prison Experiment,643557,0,643557
My Week with Marilyn,35057696,6400000,28657696
Catfish,3045943,30000,3015943
Secret Superstar,137416709,286284,137130425
Private Life,0,0,0
Jarhead,96889998,72000000,24889998
Yes Man,223241637,70000000,153241637
For the Love of Spock,0,0,0
Goon,6483963,0,6483963
Ace Ventura: Pet Detective,107217396,15000000,92217396
Inequality for All,0,0,0
Olympus Has Fallen,161025640,70000000,91025640
Dave Chappelle: Sticks & Stones,0,0,0
John Mulaney: Kid Gorgeous at Radio City,0,0,0
La Bamba,54215416,6500000,47715416
Public Enemies,214104620,80000000,134104620
Supersonic,226286,0,226286
The Edge of Democracy,0,0,0
The Polar Express,310634054,165000000,145634054
Under the Skin,5380251,13300000,-7919749
Crip Camp: A Disability Revolution,0,0,0
Tell Me Who I Am,0,0,0
Hey Arnold! The Jungle Movie,0,0,0
Zack and Miri Make a Porno,42105111,24000000,18105111
The Score,113579918,68000000,45579918
Hamburger Hill,13839404,0,13839404
9,48428063,30000000,18428063
Undefeated,0,0,0
Team Foxcatcher,0,0,0
A Shaun the Sheep Movie: Farmageddon,42880428,0,42880428
April and the Extraordinary World,0,0,0
The Highwaymen,0,49000000,-49000000
Legend,42972994,25000000,17972994
Boy & the World,2750275,300000,2450275
Creep 2,0,0,0
Terminator 3: Rise of the Machines,435000000,200000000,235000000
Unrest,0,0,0
Guru,31000000,4700000,26300000
Louis C.K. 2017,0,0,0
A Twelve-Year Night,0,0,0
Happy as Lazzaro,0,0,0
"What Happened, Miss Simone?",0,0,0
Blue Jay,21626,0,21626
1922,0,0,0
Hancock,629443428,150000000,479443428
Circus of Books,0,0,0
"Hail, Caesar!",63647656,22000000,41647656
The Pixar Story,0,0,0
Child's Play,44196684,9000000,35196684
Springsteen On Broadway,0,0,0
The Angry Birds Movie 2,131359052,65000000,66359052
Obvious Child,3123963,0,3123963
Awe!,0,0,0
American Honey,1818075,0,1818075
Last Breath,0,0,0
Udta Punjab,14900000,5980000,8920000
Den of Thieves,80509622,30000000,50509622
Wadjda,1347747,0,1347747
The Spiderwick Chronicles,162839667,90000000,72839667
The Christmas Chronicles,0,0,0
Turbo,282570682,135000000,147570682
My Girl,59489799,17000000,42489799
Adam Sandler: 100% Fresh,0,0,0
Remember,1986615,0,1986615
Triple Frontier,0,0,0
Bombshell: The Hedy Lamarr Story,0,0,0
Paddleton,0,0,0
Bad Boys II,273339556,130000000,143339556
Sour Grapes,0,0,0
Betting on Zero,0,0,0
Delhi Belly,18035000,4090000,13945000
Being Elmo: A Puppeteer's Journey,286201,0,286201
Williams,0,0,0
It Comes at Night,19280931,5000000,14280931
Cuba and the Cameraman,0,0,0
Creep,0,0,0
The Interview,12342632,44000000,-31657368
Bobby Robson: More Than a Manager,0,0,0
Outbreak,189859560,50000000,139859560
Black Snake Moan,10903846,15000000,-4096154
Bright,0,90000000,-90000000
Cargo,56385,0,56385
Even the Rain,0,10600000,-10600000
Candyman,25792310,6000000,19792310
Mary and the Witch's Flower,0,0,0
Calibre,0,0,0
First They Killed My Father,0,24000000,-24000000
Us and Them,209221331,0,209221331
Up in Smoke,41590893,0,41590893
Final Destination,53302314,23000000,30302314
Kill the Messenger,5218973,5000000,218973
Operation Odessa,0,0,0
The American Meme,0,0,0
Outlaw King,0,0,0
21,69823199,35000000,34823199
Holding the Man,0,0,0
Krisha,144822,0,144822
De Palma,0,0,0
Dear Ex,0,0,0
Tomorrow Never Dies,333011068,110000000,223011068
Veronica,0,0,0
The Cakemaker,0,0,0
Instructions Not Included,99067206,5500000,93567206
Bleed for This,6174491,6000000,174491
Girl,369330363,61000000,308330363
The Naked Gun 2½: The Smell of Fear,86930411,23000000,63930411
The Sky Is Pink,0,0,0
Chitty Chitty Bang Bang,0,10000000,-10000000
A Wednesday!,3500000,1400000,2100000
Jodhaa Akbar,28700000,5800000,22900000
Handsome Devil,0,1050000,-1050000
"Love, Rosie",4439431,0,4439431
Oceans,19406406,0,19406406
The Ritual,1785977,10000000,-8214023
Super Dark Times,0,0,0
Tallulah,0,0,0
Other People,93000,0,93000
Alpha Dog,15309302,0,15309302
Spectral,0,70000000,-70000000
The Babysitter,0,0,0
"Extremely Wicked, Shockingly Evil and Vile",0,0,0
Heneral Luna,0,0,0
Click,240685326,82500000,158185326
The Duchess,43306325,17759769,25546556
The Last Man on the Moon,0,0,0
The 24 Hour War,0,0,0
Mune: Guardian of the Moon,15730665,0,15730665
The Devil We Know,0,0,0
How the Grinch Stole Christmas,345141403,123000000,222141403
LA Originals,0,0,0
Whisky,0,0,0
The Sapphires,0,0,0
Bloodsport,65000000,1500000,63500000
Tinker Bell and the Legend of the NeverBeast,0,0,0
Get Me Roger Stone,0,0,0
Alex Strangelove,0,0,0
She's Out of My League,49779728,20000000,29779728
Sarah's Key,17511906,10000000,7511906
My Happy Family,0,0,0
Killing Them Softly,37930465,15000000,22930465
Ittefaq,7900000,4400000,3500000
6 Underground,0,150000000,-150000000
The Accountant of Auschwitz,0,0,0
Echo in the Canyon,0,0,0
Hold the Dark,0,0,0
Suffragette,16002420,14000000,2002420
The Siege of Jadotville,0,0,0
Terminator Salvation,371353001,200000000,171353001
Hotel Transylvania 3: Summer Vacation,100176000,80000000,20176000
Filmworker,0,0,0
Our Souls at Night,0,0,0
Mine 9,0,0,0
Everybody Knows,17997350,11318430,6678920
Retribution,0,0,0
Ice Guardians,0,0,0
Tinker Bell and the Pirate Fairy,20300000,0,20300000
The World Is Not Enough,361832400,135000000,226832400
Suite Française,9104716,15000000,-5895284
Period. End of Sentence.,0,0,0
Beyond the Mat,500000,2053648,-1553648
Next Gen,0,22000000,-22000000
Cam,0,0,0
Divines,0,2791874,-2791874
Shirkers,0,0,0
Underworld: Evolution,111476513,50000000,61476513
Om Shanti Om,37707444,9100000,28607444
How to Change the World,0,0,0
Spitfire,0,1050000,-1050000
You Are My Sunday,0,0,0
Dear Zindagi,3376375,4300000,-923625
Uncorked,0,0,0
The Water Diviner,15520023,22500000,-6979977
Gaga: Five Foot Two,0,0,0
Austin Powers in Goldmember,296655431,63000000,233655431
He Never Died,0,0,0
Black Sea,1171559,0,1171559
Ali's Wedding,0,0,0
Event Horizon,26673242,60000000,-33326758
Mississippi Grind,130541,0,130541
They'll Love Me When I'm Dead,0,0,0
Kai Po Che!,0,0,0
Badla,0,0,0
Young Adult,22939027,12000000,10939027
ZZ Top: That Little Ol' Band From Texas,0,0,0
Scary Movie,278019771,19000000,259019771
The Dirt,0,0,0
Killer Klowns from Outer Space,43625095,2000000,41625095
The Exception,708973,0,708973
Spenser Confidential,0,0,0
Wheelman,0,0,0
While We're Young,17287309,10000000,7287309
Die Another Day,431971116,140000000,291971116
The Grandmaster,64076736,3860000,60216736
Bathtubs Over Broadway,0,0,0
Cadillac Records,8880045,12000000,-3119955
I am Divine,115739,0,115739
King Jack,0,0,0
The Runaways,2995811,10000000,-7004189
2012,769653595,200000000,569653595
The Half of It,0,0,0
Tigertail,0,0,0
Sleeping with Other People,3214116,0,3214116
What Lies Beneath,291420351,100000000,191420351
Fractured,0,0,0
Master Z: Ip Man Legacy,21832649,0,21832649
Neruda,939101,0,939101
One Day,59389433,15000000,44389433
Just Friends,50817508,0,50817508
Aśoka,19000000,17000000,2000000
Harold and Lillian: A Hollywood Love Story,0,0,0
The Grinch,508575295,75000000,433575295
Qarib Qarib Singlle,0,0,0
Beasts of No Nation,9077700,6000000,3077700
Time Trap,0,0,0
Final Destination 2,90426405,26000000,64426405
Steve Martin and Martin Short: An Evening You Will Forget for the Rest of Your Life,0,0,0
Dance Academy: The Movie,0,0,0
White Fang,0,0,0
All the Bright Places,0,0,0
Elena,0,0,0
Underworld: Rise of the Lycans,92158961,35000000,57158961
Talaash,0,8510000,-8510000
Kevin Hart: Laugh at My Pain,0,0,0
Gridiron Gang,41480851,30000000,11480851
Hot Rod,14334401,0,14334401
Bee Movie,287594577,150000000,137594577
Trash,0,0,0
The Photographer of Mauthausen,0,0,0
He's Just Not That Into You,178866158,40000000,138866158
Forks Over Knives,664747,0,664747
Bandits,67631903,75000000,-7368097
Sanju,67414985,21918618,45496367
Blame!,0,0,0
Quincy,0,0,0
DragonHeart,115267375,57000000,58267375
Bad Day for the Cut,0,0,0
We the Animals,0,0,0
Soul Surfer,47088990,18000000,29088990
Rocko's Modern Life: Static Cling,0,0,0
Haywire,33372606,23000000,10372606
Pink,15020702,75000000,-59979298
Stuart Little,300135367,133000000,167135367
Cutie and the Boxer,0,0,0
The World Is Yours,0,0,0
Berlin Syndrome,201719,0,201719
Furie,0,0,0
Big Miracle,24719215,40000000,-15280785
Tramps,0,2000000,-2000000
Parmanu: The Story of Pokhran,0,7405000,-7405000
Kursk,0,20000000,-20000000
Deep Impact,349464664,75000000,274464664
The Kindergarten Teacher,0,0,0
Stonehearst Asylum,0,0,0
The Wandering Earth,0,48000000,-48000000
Bon Cop Bad Cop,12671300,8000000,4671300
Melvin Goes to Dinner,0,0,0
Chappaquiddick,17904202,34000000,-16095798
Miles Davis: Birth of the Cool,0,0,0
Mission Control: The Unsung Heroes of Apollo,0,0,0
Dukhtar,120000,46000,74000
Red Dawn,38376497,17000000,21376497
Kaabil,0,5200000,-5200000
The Company Men,4882577,15000000,-10117423
Studio 54,0,0,0
The Case for Christ,0,0,0
Outside In,0,0,0
Mowgli: Legend of the Jungle,0,175000000,-175000000
Errementari: The Blacksmith and the Devil,0,0,0
Jimmy Neutron: Boy Genius,80936232,25000000,55936232
World Trade Center,163247198,65000000,98247198
I Am Kalam,0,0,0
PEEPLI [Live],6900000,2270000,4630000
My Scientology Movie,0,0,0
Latin History for Morons: John Leguizamo's Road to Broadway,0,0,0
Mortal Kombat,122195920,18000000,104195920
Behind the Curve,0,0,0
Soni,0,0,0
Carriers,5802422,0,5802422
Tig,0,0,0
Patton Oswalt: Annihilation,0,0,0
Trixie Mattel: Moving Parts,0,0,0
Petta,0,0,0
The Bill Murray Stories: Life Lessons Learned from a Mythical Man,0,0,0
Can't Hardly Wait,25605015,10000000,15605015
The Confirmation,8382,0,8382
The First Wives Club,116400000,26000000,90400000
Colonia,3621046,14000000,-10378954
Free Fire,3719383,7000000,-3280617
Life As We Know It,105610124,38000000,67610124
To All the Boys: P.S. I Still Love You,0,0,0
Cop Car,134552,0,134552
Urban Cowboy,0,0,0
Above the Rim,0,0,0
Screwball,0,0,0
Prosecuting Evil: The Extraordinary World of Ben Ferencz,0,0,0
The Incident,0,105000,-105000
Resident Evil: Extinction,148412065,45000000,103412065
American Assassin,66167951,33000000,33167951
Rang De Basanti,11502151,2200000,9302151
Open Season,197309027,85000000,112309027
Strong Island,0,0,0
Resident Evil: Apocalypse,129394835,45000000,84394835
Smoke & Mirrors,0,0,0
Sky Ladder: The Art of Cai Guo-Qiang,0,0,0
Kate & Leopold,76019048,48000000,28019048
Raiders!: The Story of the Greatest Fan Film Ever Made,0,0,0
Then Came You,0,0,0
The Forest of Love,0,0,0
I Called Him Morgan,0,0,0
The Money Pit,54999651,10000000,44999651
The Angel,0,12000000,-12000000
Burlesque,89519773,55000000,34519773
My Masterpiece,0,0,0
Mr. Church,0,8000000,-8000000
Murder Mystery,0,24000000,-24000000
Audrie & Daisy,0,0,0
Miss Hokusai,0,0,0
Dumplin',0,0,0
The Invention of Lying,31912793,18500000,13412793
Breath,0,0,0
Kodachrome,0,0,0
Operation Red Sea,579220560,70000000,509220560
Murder Party,0,190000,-190000
Woodstock: Three Days That Defined a Generation,0,0,0
Laggies,2379154,5000000,-2620846
Eye for an Eye,0,0,0
Cowspiracy: The Sustainability Secret,0,117,-117
Eddie Murphy: Delirious,0,0,0
The Aerial,0,1500000,-1500000
Fire in Paradise,0,0,0
Cookie's Fortune,10920544,10000000,920544
Before I Wake,3295624,0,3295624
Layla M.,0,0,0
Mountain,178043761,14000000,164043761
Center Stage,17200925,18000000,-799075
Mr. Right,34694,8000000,-7965306
Tamasha,0,0,0
Just Another Love Story,0,0,0
Quartet,59520298,11000000,48520298
Dil Chahta Hai,4099000,2079000,2020000
"Bikram: Yogi, Guru, Predator",0,0,0
Dolphin Tale 2,52424533,36000000,16424533
No One Killed Jessica,0,0,0
I Am Bolt,0,0,0
Evolution,98376292,80000000,18376292
BuyBust,178471,0,178471
Advantageous,0,0,0
The Iron Lady,115890699,13000000,102890699
Son of a Gun,0,0,0
Rugrats in Paris: The Movie,103,30,73
On My Skin,0,0,0
Sweetheart,0,0,0
Raees,0,46000000,-46000000
The Rover,2295423,12250000,-9954577
Paan Singh Tomar,0,0,0
The Other Side of the Wind,0,12000000,-12000000
The Garden of Words,0,0,0
The Legend of 420,0,0,0
Let It Fall: Los Angeles 1982-1992,0,0,0
Manto,0,0,0
Rainbow,0,0,0
Walking Out,0,0,0
Holy Hell,16905,0,16905
After,69497587,14000000,55497587
Jersey Boys,67347013,40000000,27347013
Flavors of Youth,496334,0,496334
Nappily Ever After,0,0,0
Final Destination 3,117719158,25000000,92719158
"To Wong Foo, Thanks for Everything! Julie Newmar",47774193,0,47774193
Elizabeth: The Golden Age,74237563,55000000,19237563
37 Seconds,0,125000,-125000
A Futile and Stupid Gesture,0,10000000,-10000000
The Green Hornet,227817248,120000000,107817248
Dear John,114977104,25000000,89977104
Heroin(e),0,0,0
Guzaarish,0,0,0
Imperial Dreams,0,0,0
Between Two Ferns: The Movie,0,0,0
13 Sins,13809,5000000,-4986191
Kiss the Girls,60527873,27000000,33527873
Newness,0,10000000,-10000000
Mr. Roosevelt,0,0,0
Justin Timberlake + The Tennessee Kids,0,0,0
Battle: Los Angeles,211819354,70000000,141819354
Hondros,0,0,0
When We First Met,0,10000000,-10000000
(T)ERROR,0,0,0
Kuch Kuch Hota Hai,15306000,153000,15153000
Trailer Park Boys: The Movie,3833507,5000000,-1166493
G.O.R.A.,0,0,0
Phantom Boy,0,0,0
Survivor's Guide to Prison,0,0,0
Transcendence,103039258,100000000,3039258
Jagga Jasoos,12500000,19700000,-7200000
The Perfect Date,0,0,0
A Fortunate Man,0,0,0
Kahaani,16000000,1200000,14800000
Andaz Apna Apna,0,0,0
Let It Snow,0,0,0
Middle School: The Worst Years of My Life,23316139,8500000,14816139
The Little Hours,0,0,0
Aval,0,0,0
The Unknown Known,0,0,0
Kahlil Gibran's The Prophet,0,0,0
The Princess Switch,0,0,0
The Blackcoat's Daughter,19980,0,19980
What We Started,0,0,0
Let There Be Light,0,0,0
Into the Forest,9995,0,9995
God Knows Where I Am,0,0,0
Stuart Little 2,169956806,120000000,49956806
The Rolling Stones: Olé Olé Olé! – A Trip Across Latin America,0,0,0
Sand Storm,0,0,0
From Paris with Love,52826594,52000000,826594
Luck by Chance,3000000,2300000,700000
I Am Jane Doe,0,0,0
Pee-wee's Big Holiday,0,0,0
Promised Land,8138788,15000000,-6861212
Carrie Pilby,28430,0,28430
Seeing Allred,0,0,0
Goldstone,0,0,0
The Signal,2665322,4000000,-1334678
The Red Sea Diving Resort,0,0,0
Self/less,31807156,26000000,5807156
The Burial of Kojo,0,0,0
Horse Girl,0,0,0
Headshot,0,0,0
Joan Didion: The Center Will Not Hold,0,0,0
Circle,0,0,0
Chris Rock: Tamborine,0,0,0
The Monster,0,2700000,-2700000
Sergio,0,16000000,-16000000
The C Word,0,0,0
John Mulaney: New in Town,0,0,0
In the Shadow of the Moon,0,0,0
Mirror Mirror,183018522,85000000,98018522
Hasee Toh Phasee,0,0,0
Bhavesh Joshi Superhero,0,0,0
Brooklyn's Finest,45719985,17000000,28719985
Wakefield,798214,0,798214
Wish I Was Here,5483299,5500000,-16701
Lu Over the Wall,0,0,0
Man of Tai Chi,2054941,25000000,-22945059
Comedian,2744253,0,2744253
Alive and Kicking,0,0,0
The Secret,0,0,0
Louis C.K.: Hilarious,0,0,0
Notes on Blindness,0,0,0
The Kissing Booth,0,0,0
Horns,0,0,0
Emelie,0,0,0
Best Worst Thing That Ever Could Have Happened...,0,0,0
Go!,520191,0,520191
First Match,0,0,0
Grass is Greener,0,0,0
The Short Game,0,0,0
Sunday's Illness,0,105000,-105000
Ten Years,0,0,0
Chicken Little,314432665,150000000,164432665
Kicking and Screaming,718490,0,718490
The Ravenous,0,3000000,-3000000
Animal World,0,125000,-125000
Michelle Wolf: Joke Show,0,0,0
Kevin Hart: Let Me Explain,32230907,0,32230907
Fun with Dick and Jane,202026112,100000000,102026112
Seoul Searching,0,0,0
The Keeping Hours,0,0,0
Kickboxer: Retaliation,4537,13000000,-12995463
Weed the People,0,0,0
Time Share,0,0,0
Johnny English Reborn,160078586,45000000,115078586
Fire in the Blood,0,0,0
Dil Dhadakne Do,22000000,13000000,9000000
6 Days,0,1500000,-1500000
Morris from America,0,0,0
Joshua: Teenager vs. Superpower,0,0,0
Highway,0,0,0
Sweet Virginia,10456,0,10456
Chloe,11808880,14000000,-2191120
Manson Family Vacation,0,0,0
Benji,0,0,0
Roll Red Roll,0,0,0
All About Nina,0,0,0
Heartbreakers,0,10000000,-10000000
Mercury 13,0,0,0
Kevin Hart: What Now?,23600000,9900000,13700000
"Michael Bolton's Big, Sexy Valentine's Day Special",0,0,0
All Day and a Night,0,0,0
ARQ,0,2000000,-2000000
Nighthawks,19905359,5000000,14905359
Quién te cantará,0,0,0
Romeo Must Die,91036760,25000000,66036760
Love Off the Cuff,0,0,0
47 Meters Down,44235023,5500000,38735023
Udaan,520000,800000,-280000
Barakah Meets Barakah,0,0,0
Ghost Rider,228738393,110000000,118738393
FYRE: The Greatest Party That Never Happened,0,0,0
Cardboard Gangsters,0,0,0
Khosla Ka Ghosla!,0,0,0
Sierra Burgess Is a Loser,0,0,0
Same Kind of Different as Me,6423605,0,6423605
Cult of Chucky,0,0,0
Tremors 2: Aftershocks,0,4000000,-4000000
May the Devil Take You,0,0,0
Invader ZIM: Enter the Florpus,0,0,0
Dovlatov,0,0,0
Jupiter Ascending,183987723,176000003,7987720
The Occupant,0,0,0
Shutter,0,125000,-125000
E-Team,0,0,0
Class Rank,0,0,0
Wildling,0,0,0
Velvet Buzzsaw,0,21000000,-21000000
Win It All,0,0,0
Sprinter,0,0,0
Palm Trees in the Snow,0,11332619,-11332619
Nacho Libre,99255460,35000000,64255460
Chasing Trane,393970,0,393970
Lady J,4100000,0,4100000
Voyeur,0,0,0
The Breaker Upperers,0,0,0
Dinner for Schmucks,86387857,69000000,17387857
Mike Birbiglia: My Girlfriend's Boyfriend,0,0,0
School Daze,0,0,0
The Knight Before Christmas,0,0,0
Mitt,0,0,0
Terrifier,0,100000,-100000
Resident Evil: Afterlife,300228084,60000000,240228084
Conor McGregor: Notorious,0,0,0
Khoobsurat,0,0,0
Game Over,0,0,0
The Ballad of Lefty Brown,7856,8000000,-7992144
Main Hoon Na,0,0,0
The Untold Tales of Armistead Maupin,0,0,0
The Space Between Us,14793385,30000000,-15206615
The Physician,57284237,36000000,21284237
Karthik Calling Karthik,3900000,2800000,1100000
Ginger & Rosa,1005700,0,1005700
White Girl,200242,700000,-499758
The Time Machine,123729176,80000000,43729176
Look Who's Back,25513752,3196621,22317131
Ellen DeGeneres: Relatable,0,0,0
Kabhi Alvida Naa Kehna,17000000,7400000,9600000
The Drug King,0,0,0
Long Time Running,0,0,0
Maps to the Stars,1338365,15000000,-13661635
Lovesong,6700,0,6700
Looney Tunes: Back in Action,68514844,80000000,-11485156
Homecoming: A Film by Beyoncé,0,0,0
A Christmas Prince,0,0,0
Occupation,0,6000000,-6000000
Marc Maron: Too Real,0,0,0
Steal a Pencil for Me,0,0,0
"Faith, Hope & Love",0,0,0
The Bling Ring,19145732,15000000,4145732
Pokémon the Movie: The Power of Us,23740788,0,23740788
Chronicle of an Escape,0,0,0
The Tourist,278731369,100000000,178731369
God of War,0,25000000,-25000000
Menashe,0,0,0
Lez Bomb,0,0,0
National Bird,0,0,0
System Crasher,0,0,0
The 36th Chamber of Shaolin,0,0,0
What a Girl Wants,50732139,20000000,30732139
Candy Jar,0,0,0
He Named Me Malala,2642899,0,2642899
Te3n,4817642,5069632,-251990
Race to Witch Mountain,106303988,50000000,56303988
A Gray State,0,0,0
Chupke Chupke,0,0,0
The Land of Steady Habits,0,0,0
A Night at the Roxbury,30331165,17000000,13331165
Neon Genesis Evangelion: Death and Rebirth,0,0,0
My Big Night,0,4434040,-4434040
Song for Marion,1697294,0,1697294
The Discovery,0,0,0
The Laundromat,0,0,0
Gol Maal,0,0,0
Lifechanger,0,0,0
Would You Rather,0,0,0
The Butterfly's Dream,0,0,0
Vizontele,0,0,0
Hasan Minhaj: Homecoming King,0,0,0
Una,0,0,0
Bethany Hamilton: Unstoppable,0,0,0
Alone in Berlin,33125,0,33125
Dhobi Ghat,0,0,0
Burning Sands,0,0,0
The Great Hack,0,0,0
We Are Your Friends,11122090,6000000,5122090
Barry,0,0,0
John Mulaney: The Comeback Kid,0,0,0
The Rugrats Movie,100491683,30000000,70491683
Bill Burr: You People Are All The Same,0,0,0
Bill Nye: Science Guy,0,0,0
Hit & Run,14400000,2000000,12400000
Kabir Singh,55478164,8751000,46727164
The Most Unknown,0,0,0
Mean Dreams,0,0,0
Ali Wong: Hard Knock Wife,0,0,0
Trophy,0,0,0
Dream Big: Engineering Our World,0,0,0
Toilet - Ek Prem Katha,13800000,3700000,10100000
Pope Francis: A Man of His Word,2423465,0,2423465
68 Kill,0,0,0
Head On,378667,0,378667
Berserk: The Golden Age Arc II - The Battle for Doldrey,0,0,0
Waar,0,2000000,-2000000
14 Blades,0,20000000,-20000000
"Live Twice, Love Once",368430,1450000,-1081570
Triple Threat,0,10000000,-10000000
Earth to Echo,45300000,13000000,32300000
Buster's Mal Heart,73121,0,73121
1000 Rupee Note,0,0,0
40 Days and 40 Nights,0,17000000,-17000000
Taylor Swift: Reputation Stadium Tour,0,0,0
Hannibal Buress: Comedy Camisado,0,0,0
Tokyo Idols,0,0,0
Bhool Bhulaiyaa,0,0,0
Dev.D,7600000,1700000,5900000
John Mulaney & The Sack Lunch Bunch,0,0,0
Eli,0,0,0
City of Joy,0,0,0
Beyond Skyline,992181,20000000,-19007819
Ninja Assassin,60462347,40000000,20462347
"As Above, So Below",40100000,5000000,35100000
The Oath,0,3500,-3500
The Cloverfield Paradox,0,45000000,-45000000
Concussion,0,0,0
Little Monsters,793775,7000000,-6206225
Dil Se..,13000000,5200000,7800000
Berserk: The Golden Age Arc III - The Advent,0,0,0
The Core,74208267,60000000,14208267
2 States,22414611,4587786,17826825
The Rum Diary,24000000,45000000,-21000000
Being AP,0,0,0
6 Balloons,0,0,0
Q Ball,0,0,0
Knock Down the House,0,0,0
Soorma,3168000,0,3168000
EMO the Musical,0,0,0
Abducted in Plain Sight,0,0,0
Secret in Their Eyes,34854990,19500000,15354990
Bon Cop Bad Cop 2,0,0,0
Sólo con tu pareja,0,0,0
Rustom,0,1000000,-1000000
The Debt Collector,0,0,0
Been So Long,0,0,0
Rampant,0,0,0
Automata,0,7000000,-7000000
A Little Chaos,0,0,0
Don't Be Afraid of the Dark,36993168,25000000,11993168
Paheli,11000000,4900000,6100000
The Lonely Island Presents: The Unauthorized Bash Brothers Experience,0,0,0
Someone Great,0,0,0
Monty Python Live at the Hollywood Bowl,0,0,0
The 4th Company,0,0,0
Amanda Knox,0,0,0
My Suicide,0,2000000,-2000000
Anon,0,20000000,-20000000
Brain on Fire,0,0,0
Gurgaon,0,0,0
A Bad Moms Christmas,130560428,28000000,102560428
Scary Movie 2,141220678,45000000,96220678
Failure to Launch,128406887,50000000,78406887
Set It Up,0,0,0
The Golem,0,0,0
David Brent: Life on the Road,0,0,0
Waiting for the Hearse,0,0,0
Atlantics,0,1600000,-1600000
Lost Girls,0,0,0
Lost in London,0,0,0
The Force,0,0,0
Jonathan,0,0,0
Chennai Express,62000000,18000000,44000000
Berserk: The Golden Age Arc I - The Egg of the King,0,0,0
To the Bone,0,0,0
Kabali,74000000,18700000,55300000
Popeye,49823037,20000000,29823037
Natsamrat,0,0,0
Get Santa,0,0,0
Like Father,0,0,0
War Machine,0,60000000,-60000000
Deidra & Laney Rob a Train,0,0,0
Here Alone,0,0,0
Falling Inn Love,0,0,0
The Bounty Hunter,136000000,40000000,96000000
Feminists: What Were They Thinking?,0,700000,-700000
Guess Who,68915888,35000000,33915888
Wake Up Sid,11000000,3000000,8000000
Nobody Speak: Trials of the Free Press,0,0,0
Bill Burr: Let It Go,0,0,0
The Polka King,0,0,0
Initial D,7096000,1549000,5547000
7:19,0,0,0
Happy Anniversary,0,0,0
Ultras,0,0,0
Valentine's Day,216485654,52000000,164485654
The Lovers,0,0,0
Pari,6000000,2600000,3400000
Sleepless,32540674,30000000,2540674
How to Be a Latin Lover,26251899,0,26251899
Detour,0,0,0
Louis C.K.: Live at The Comedy Store,0,0,0
Ghosts of Girlfriends Past,102223269,0,102223269
A Secret Love,0,0,0
War on Everyone,0,0,0
Lakshya,4600000,4500000,100000
Juanita,0,0,0
Equals,2084628,16000000,-13915372
The Last Days of Chez Nous,0,0,0
Jaane Tu... Ya Jaane Na,11100000,2300000,8800000
The Bleeding Edge,0,0,0
S Is for Stanley,0,0,0
Hot Girls Wanted,0,0,0
Rock On!!,0,7000000,-7000000
Agneepath,0,0,0
Susanne Bartsch: On Top,0,0,0
Restless Creature: Wendy Whelan,0,0,0
Don,0,0,0
Clive Davis: The Soundtrack of Our Lives,0,0,0
Rolling Thunder Revue: A Bob Dylan Story by Martin Scorsese,0,0,0
Goosebumps 2: Haunted Halloween,92503612,35000000,57503612
Boyka: Undisputed IV,0,0,0
National Parks Adventures,0,0,0
Sand Castle,0,0,0
Can't Help Falling in Love,0,0,0
In the Tall Grass,0,0,0
Kevin Hart: Irresponsible,0,0,0
The B-Side: Elsa Dorfman's Portrait Photography,0,0,0
The Bad Education Movie,0,0,0
Marco Polo: One Hundred Eyes,0,0,0
Beyond the Clouds,0,0,0
Below Her Mouth,33673,0,33673
Norman Lear: Just Another Version of You,0,0,0
A Tale of Love and Darkness,572212,4000000,-3427788
Godzilla,379014294,130000000,249014294
"Roxanne, Roxanne",0,0,0
Raising Cain,37170057,12000000,25170057
Results,104507,0,104507
Hop,183953723,63000000,120953723
Toro,1903083,4000000,-2096917
Reversing Roe,0,0,0
Love Likes Coincidences,0,0,0
The Peacemaker,110463140,50000000,60463140
Money Heist: The Phenomenon,0,0,0
Jim Gaffigan: Obsessed,0,0,0
The Final Destination,186167139,40000000,146167139
Bleach the Movie: Hell Verse,0,0,0
Bo Burnham: Make Happy,0,0,0
For Colored Girls,37000000,0,37000000
The Heartbreak Kid,127766650,60000000,67766650
The Art of the Steal,64065,0,64065
Magic Carpet Ride,14188490,0,14188490
Holiday in the Wild,0,0,0
A-X-L,0,10000000,-10000000
Orbiter 9,0,0,0
For Love or Money,11146270,30000000,-18853730
The Package,0,0,0
Satan & Adam,0,1500000,-1500000
Gantz:O,2238600,0,2238600
Detective Dee: The Four Heavenly Kings,84168923,0,84168923
Tau,0,0,0
The Tiger Hunter,0,0,0
The Body Remembers When the World Broke Open,0,0,0
Jenny Slate: Stage Fright,0,0,0
Tusk,1826705,2800000,-973295
Gemini,0,0,0
Little Evil,0,0,0
Tom Segura: Mostly Stories,0,0,0
The Student,0,0,0
My Entire High School Sinking Into the Sea,0,0,0
Pokémon the Movie: I Choose You!,2401722,0,2401722
What the Health,0,273428,-273428
Bo Burnham: What.,0,0,0
"Frankenstein's Monster's Monster, Frankenstein",0,0,0
Mine,1600000,0,1600000
Tremors 3: Back to Perfection,0,0,0
Jim Gaffigan: Mr. Universe,0,0,0
God's Not Dead,29789000,17000000,12789000
Jim Gaffigan: Beyond the Pale,0,0,0
Don't Go Breaking My Heart,0,0,0
Zero,0,0,0
24 Hours to Live,5805201,0,5805201
Dream Boat,0,0,0
A Family Man,0,0,0
The Outsider,0,0,0
Into the Inferno,0,0,0
The Nutcracker and the Four Realms,59522646,120000000,-60477354
Frank & Lola,9188,0,9188
The Super,0,2300000,-2300000
Adventures in Public School,0,0,0
Lust Stories,0,0,0
A Very Murray Christmas,0,0,0
Four Sisters And A Wedding,0,0,0
The Trust,0,9000000,-9000000
Struggle: The Life and Lost Art of Szukalski,0,0,0
Dean,254536,0,254536
Ek Ladki Ko Dekha Toh Aisa Laga,0,0,0
In Darkness,217427,0,217427
Rowdy Rathore,31000000,6700000,24300000
Secret,0,0,0
Girl on the Third Floor,0,0,0
Mindhorn,0,0,0
WHAT DID JACK DO?,0,0,0
Dangerous Lies,0,0,0
Panipat,0,0,0
13 Cameras,0,0,0
SampleThis,0,0,0
Come and Find Me,0,0,0
Cirque du Freak: The Vampire's Assistant,28169671,40000000,-11830329
An Interview with God,0,0,0
Naruto the Movie: Ninja Clash in the Land of Snow,0,0,0
Naruto Shippuden the Movie,0,29000000,-29000000
My Ex & Whys,0,0,0
Naruto Shippuden the Movie: Bonds,0,0,0
The Rachel Divide,0,0,0
Berlin Calling,0,0,0
Teefa in Trouble,3062477,1500000,1562477
Sadece Sen,0,0,0
Kabhi Haan Kabhi Naa,0,0,0
Room on the Broom,0,0,0
Bill Hicks: Sane Man,0,0,0
6 Years,0,0,0
The Magician,0,0,0
Semana Santa,0,0,0
Hostages,0,0,0
Do Dooni Chaar,0,0,0
The Captive,1075178,0,1075178
Irreplaceable You,0,10000000,-10000000
Naruto the Movie: Legend of the Stone of Gelel,0,0,0
Barbecue,0,0,0
Dark Places,208588,20000000,-19791412
Head Count,0,0,0
Await Further Instructions,0,0,0
Neal Brennan: 3 Mics,0,0,0
Belgica,0,0,0
Amar Akbar Anthony,0,10000000,-10000000
"Houston, We Have a Problem!",0,0,0
The Bad Batch,180851,6000000,-5819149
Pee Mak Phrakanong,0,0,0
Ala Vaikunthapurramuloo,28859072,14000000,14859072
The Resistance Banker,0,0,0
Drillbit Taylor,0,40000000,-40000000
Jeremiah Tower: The Last Magnificent,0,0,0
Closed Circuit,5750401,0,5750401
At First Light,0,0,0
Namastey London,0,0,0
Harishchandrachi Factory,0,0,0
I'll See You in My Dreams,7449681,0,7449681
Superlópez,12496155,5200000,7296155
The Skin of the Wolf,0,0,0
It Takes Two,0,0,0
OtherLife,0,0,0
Habibie & Ainun,0,0,0
Cop Out,55583804,30000000,25583804
See You Yesterday,0,0,0
Fittest On Earth (The Story of the 2015 Reebok CrossFit Games),0,0,0
The Ivory Game,0,0,0
Unicorn Store,0,0,0
Acts of Vengeance,320705,10000000,-9679295
Stink!,0,0,0
The Green Inferno,6833445,5000000,1833445
Hum Aapke Hain Koun..!,26900000,0,26900000
The Lodgers,7362,0,7362
No Game No Life: Zero,6000000,0,6000000
Billu,10000000,5750000,4250000
Standoff,0,8000000,-8000000
Life 2.0,0,0,0
The Awakening of Motti Wolkenbruch,0,0,0
Ricky Gervais: Humanity,0,0,0
Avicii: True Stories,0,0,0
Unacknowledged,0,0,0
Shot! The Psycho-Spiritual Mantra of Rock,0,0,0
The Incredible Jessica James,0,0,0
The Do-Over,0,0,0
The Vatican Tapes,1784763,13000000,-11215237
Aziz Ansari: Buried Alive,0,0,0
Loving Annabelle,0,900000,-900000
Who Would You Take to a Deserted Island?,0,0,0
The Invisible Guardian,0,5000000,-5000000
St. Agatha,0,0,0
Isi & Ossi,0,0,0
Close,0,0,0
American Hangman,0,0,0
Aziz Ansari: Right Now,0,0,0
Riphagen The Untouchable,0,2577217,-2577217
Punjab 1984,0,0,0
5 Flights Up,1020921,6000000,-4979079
iBoy,0,1500000,-1500000
Jim Jefferies: Bare,0,0,0
Goon: Last of the Enforcers,0,0,0
Life After Beth,88273,2400000,-2311727
Take Me,2583,0,2583
The Five Venoms,0,0,0
And Breathe Normally,0,0,0
The Tribes of Palos Verdes,0,0,0
Pete Davidson: Alive from New York,0,0,0
I Am Michael,0,0,0
Crazy Beautiful You,0,0,0
House at the End of the Street,44287131,6900000,37387131
Bawarchi,0,0,0
The New Romantic,0,0,0
A Fall From Grace,0,0,0
All the Boys Love Mandy Lane,0,750000,-750000
Ghost in the Shell Arise - Border 1: Ghost Pain,0,0,0
Mersal,0,0,0
Ali Wong: Baby Cobra,0,0,0
Mucize,0,5000000,-5000000
Mute,0,0,0
Seal Team Six: The Raid on Osama Bin Laden,0,0,0
Radio Rebel,0,0,0
The Warriors Gate,0,0,0
Shrek the Musical,0,0,0
Blind Detective,0,11000000,-11000000
Trailer Park Boys: Countdown to Liquor Day,0,3500000,-3500000
Dream House,38502340,50000000,-11497660
Luka Chuppi,0,0,0
Duck Butter,6877,0,6877
Arjun: The Warrior Prince,0,0,0
A Plastic Ocean,0,0,0
Becoming,0,0,0
Rising High,0,0,0
Skiptrace,58500000,32000000,26500000
Uppity: The Willy T. Ribbs Story,0,0,0
Miss Virginia,0,0,0
Wanda Sykes: Not Normal,0,0,0
Inuyasha the Movie 2: The Castle Beyond the Looking Glass,0,0,0
Otherhood,0,0,0
"Fireworks, Should We See It from the Side or the Bottom?",26617621,0,26617621
Leslie Jones: Time Machine,0,0,0
Rangoon,0,12003848,-12003848
Bleach the Movie: Fade to Black,0,0,0
American Son,0,0,0
The Motive,0,2691410,-2691410
High Flying Bird,0,0,0
Come Sunday,0,0,0
Socha Na Tha,2400000,1500000,900000
Country Strong,20601987,15000000,5601987
The Wrong Missy,0,0,0
Ri¢hie Ri¢h,0,40000000,-40000000
Apostle,22525668,5000000,17525668
Message from the King,0,10000000,-10000000
"Crouching Tiger, Hidden Dragon: Sword of Destiny",0,20000000,-20000000
The Decline,0,0,0
Ronny Chieng: Asian Comedian Destroys America!,0,0,0
Bill Hicks: Relentless,0,0,0
Revenger,0,0,0
Bhoot,0,0,0
American Circumcision,0,0,0
Raajneeti,0,0,0
Shepherds and Butchers,0,0,0
Altered Carbon: Resleeved,0,0,0
Carrie,0,0,0
Chalte Chalte,18000000,4600000,13400000
For Greater Glory: The True Story of Cristiada,9622846,12000000,-2377154
Happy New Year,0,25000000,-25000000
Between Worlds,0,0,0
Joseph: King of Dreams,0,0,0
Savage Dog,0,0,0
Mike Birbiglia: The New One,0,0,0
Close Enemies,0,0,0
Tony Robbins: I Am Not Your Guru,0,0,0
Kannum Kannum Kollaiyadithaal,0,0,0
Umrika,0,0,0
"Yours, Mine & Ours",72028752,45000000,27028752
Iliza Shlesinger: War Paint,0,0,0
Jeff Dunham: Jeff Dunham's Very Special Christmas Special,0,0,0
The Hurricane Heist,32517248,35000000,-2482752
Wine Country,0,0,0
Bana Masal Anlatma,0,0,0
Submission,0,0,0
Barely Lethal,6075,0,6075
Rodney King,0,0,0
Jerry Seinfeld: I'm Telling You for the Last Time,0,0,0
Buffalo Boys,0,0,0
Barbie: Princess Charm School,0,0,0
Jim Gaffigan: King Baby,0,0,0
The International,0,0,0
Flock of Four,0,0,0
Marc Maron: End Times Fun,0,0,0
Katt Williams: The Pimp Chronicles Pt. 1,0,0,0
Immoral Tales,0,0,0
4 latas,0,3410874,-3410874
Naruto Shippuden the Movie: Blood Prison,0,0,0
3 Generations,0,10000000,-10000000
Miss Representation,0,750000,-750000
Jezebel,0,0,0
A Christmas Prince: The Royal Wedding,0,0,0
XX,30911,0,30911
Jerry Seinfeld: 23 Hours To Kill,0,0,0
Miracle in Cell No. 7,0,0,0
100 Meters,0,0,0
Dhamaal,0,0,0
Maktub,0,0,0
Ghost in the Shell Arise - Border 2: Ghost Whispers,0,0,0
The Rainbow Troops,0,0,0
Kaminey,18130000,9000000,9130000
Chopsticks,0,0,0
Bullet Head,87465,0,87465
Moonwalkers,0,0,0
Imagine That,0,55000000,-55000000
Ek Hasina Thi,0,0,0
Bébé's Kids,8442162,0,8442162
Patrick,0,7834998,-7834998
Naruto the Movie: Guardians of the Crescent Moon Kingdom,0,25000000,-25000000
Inuyasha the Movie: Affections Touching Across Time,0,10540,-10540
Holidays,0,0,0
Tom Segura: Disgraceful,0,0,0
Alt-Right: Age of Rage,0,0,0
Sleepover,0,0,0
Mission Blue,0,0,0
Chillar Party,0,0,0
Mascots,0,20000000,-20000000
Bill Burr: Walk Your Way Out,0,0,0
Time to Hunt,0,9070000,-9070000
The Amityville Horror,108047131,19000000,89047131
Angamaly Diaries,3100000,610000,2490000
Taylor Tomlinson: Quarter-Life Crisis,0,0,0
Anthony Jeselnik: Thoughts and Prayers,0,0,0
Oye Lucky! Lucky Oye!,1700000,1400000,300000
Long Shot,0,0,0
Coffee & Kareem,0,0,0
Aarakshan,7900000,6100000,1800000
Eyyvah Eyvah,0,0,0
Minimalism: A Documentary About the Important Things,0,0,0
The Outcasts,0,0,0
Inuyasha the Movie 3: Swords of an Honorable Ruler,0,0,0
Black Snow,1440000,4000000,-2560000
Tad the Lost Explorer and the Secret of King Midas,34156960,10778400,23378560
Yuva,6700000,4600000,2100000
Pandora,30169000,13938145,16230855
Major League II,30626182,0,30626182
La tribu,0,0,0
Aamir,0,364000,-364000
Force 2,6900000,6500000,400000
Bert Kreischer: Secret Time,0,0,0
Bad Rap,0,0,0
Tarzan II,0,0,0
What's Up with Love?,0,0,0
He's Out There,0,0,0
The Seven Deadly Sins: Prisoners of the Sky,0,0,0
Eh Janam Tumhare Lekhe,0,0,0
Bill Hicks: Revelations,0,0,0
I Am Not an Easy Man,0,0,0
Rugrats Go Wild,55443032,25000000,30443032
Donald Glover: Weirdo,0,0,0
Once Upon a Time in Mumbaai,8300000,19000000,-10700000
Iliza Shlesinger: Freezing Hot,0,0,0
Yucatán,0,0,0
Trespass Against Us,5711,0,5711
The Last Summer,0,0,0
Sinister 2,52882018,10000000,42882018
Have a Good Trip: Adventures in Psychedelics,0,0,0
Bobbi Jene,0,0,0
Dragon Quest: Your Story,0,0,0
A Second Chance,9316179,0,9316179
Ajji,0,0,0
Bennett's War,0,0,0
Our Lovers,0,1400000,-1400000
A Haunted House,60141683,2500000,57641683
Unbreakable Kimmy Schmidt: Kimmy vs. the Reverend,0,0,0
Attacking the Devil: Harold Evans and the Last Nazi War Crime,0,0,0
Every Time I Die,0,0,0
Jeff Dunham: Controlled Chaos,0,0,0
APEX: The Story of the Hypercar,0,0,0
Life in the Doghouse,0,0,0
Jim Jefferies: Freedumb,0,0,0
Little Boxes,0,0,0
Seth Meyers: Lobby Baby,0,0,0
Kevin Hart: Seriously Funny,0,0,0
Anthony Jeselnik: Fire in the Maternity Ward,0,0,0
"The Goods: Live Hard, Sell Hard",0,10000000,-10000000
U Turn,0,0,0
Violet Evergarden: Eternity and the Auto Memory Doll,10841702,0,10841702
The After Party,0,0,0
Love per Square Foot,0,0,0
Sad Hill Unearthed,22834,170000,-147166
That Thing Called Tadhana,0,0,0
Jeff Dunham: Arguing with Myself,0,0,0
Sandy Wexler,0,0,0
Kickboxer: Vengeance,0,17000000,-17000000
Christmas Inheritance,0,10000000,-10000000
Sex and the City 2,288347692,100000000,188347692
Badland,0,0,0
A Land Imagined,0,0,0
The Most Assassinated Woman in the World,0,0,0
Merku Thodarchi Malai,0,0,0
Guilty,0,0,0
89,0,0,0
Bushwick,0,0,0
Mike Birbiglia: Thank God for Jokes,0,0,0
Dilwale,61000000,26000000,35000000
Kung Fu Panda: Secrets of the Scroll,0,0,0
Trevor Noah: Afraid of the Dark,0,0,0
Race,76014335,45000000,31014335
The Death and Life of Marsha P. Johnson,0,0,0
Zach Galifianakis: Live at the Purple Onion,0,0,0
Asperger's Are Us,0,0,0
Hard Tide,0,0,0
Dream/Killer,0,0,0
She's Dating the Gangster,5870000,0,5870000
Fashion,2227,0,2227
Ibiza,0,0,0
Jailbreak,0,0,0
"Game Over, Man!",0,0,0
Love Wedding Repeat,0,0,0
Starting Over Again,0,0,0
Apollo 18,25562924,5000000,20562924
The Climb,0,0,0
Strange Weather,0,0,0
Rolling Papers,0,0,0
My Beautiful Broken Brain,0,0,0
Inuyasha the Movie 4: Fire on the Mystic Island,0,0,0
Derren Brown: Sacrifice,0,0,0
Joe Rogan: Triggered,0,0,0
Chernobyl Diaries,18112929,0,18112929
Kung Fu Panda Holiday,0,0,0
The Sea of Trees,0,0,0
Room for Rent,0,0,0
The Cat in the Hat,133818283,109000000,24818283
The African Doctor,0,0,0
Nothing to Hide,0,0,0
All Good,0,0,0
Cut Bank,0,5000000,-5000000
Skydancers,0,0,0
Casa De Mi Padre,0,0,0
Baaghi,0,0,0
Love Aaj Kal,0,0,0
Opening Night,0,0,0
Demonic,3387000,3000000,387000
A Sun,0,0,0
True Memoirs of an International Assassin,0,40000000,-40000000
Sour Apples,0,0,0
Earth and Blood,0,0,0
The Longshots,0,0,0
Inhuman Kiss,0,1200000,-1200000
5 cm,0,0,0
Friend Request,2400000,9900000,-7500000
The Art of Loving: Story of Michalina Wislocka,0,0,0
Bert Kreischer: Hey Big Boy,0,0,0
When Two Worlds Collide,0,0,0
Blind Date,0,0,0
Chup Chup Ke,0,0,0
The Duel,4500,10000000,-9995500
The Hunter's Prayer,0,17000000,-17000000
Naruto Shippuden the Movie: The Lost Tower,0,0,0
Tom Segura: Completely Normal,0,0,0
Chris D'Elia: No Pain,0,0,0
Silent Hill: Revelation 3D,52302796,20000000,32302796
Hangman,0,0,0
"Norm Macdonald: Hitler's Dog, Gossip & Trickery",0,0,0
Haraamkhor,0,0,0
Lila & Eve,0,0,0
Monty Python Live (Mostly),0,0,0
Kevin Hart: I'm a Grown Little Man,0,0,0
Ordinary World,0,0,0
Polar,0,0,0
Mumbai Meri Jaan,0,0,0
Ek Main Aur Ekk Tu,0,0,0
The Warning,0,4642619,-4642619
Iron Sky The Coming Race,400900,21000000,-20599100
Lupt,0,0,0
The Plagues of Breslau,0,0,0
Life in a Metro,0,0,0
1000 Mabrouk,0,0,0
Shimmer Lake,0,0,0
Rich in Love,0,0,0
Mohenjo Daro,16000000,17000000,-1000000
The Trailer Park Boys Xmas Special,0,0,0
Barbie: The Princess & The Popstar,0,0,0
Murder to Mercy: The Cyntoia Brown Story,0,0,0
Soul Plane,14822346,16000000,-1177654
I See You,646946,30000000,-29353054
American Anarchist,0,0,0
Dancing with the Birds,0,0,0
The Coldest Game,0,0,0
Dragons: Dawn Of The Dragon Racers,0,0,0
She Hate Me,365134,8000000,-7634866
Jimmy Carr: Funny Business,0,0,0
Baazaar,0,0,0
The Week Of,0,0,0
Lady Bloodfight,0,0,0
Naruto Shippuden the Movie: The Will of Fire,8084148,0,8084148
Look & See: A Portrait of Wendell Berry,0,0,0
Earthquake Bird,0,0,0
Mohawk,0,0,0
K-On! The Movie,0,0,0
Untamed Romania,0,0,0
Sarkar,0,0,0
Bokeh,0,0,0
W.E.,868439,15000000,-14131561
18 Presents,0,0,0
Mujhse Shaadi Karogi,0,0,0
Barcelona: A Love Untold,0,0,0
Hitler: A Career,0,0,0
Everyday I Love You,0,0,0
Across the Line,0,0,0
K. D.,0,0,0
Casting JonBenet,0,0,0
Burn Out,0,0,0
Giant,0,0,0
By the Sea,3727746,10000000,-6272254
Illang: The Wolf Brigade,0,16723043,-16723043
The Perfect Dictatorship,0,0,0
"LSD: Love, Sex aur Dhokha",0,0,0
IO,0,0,0
Seventeen,0,0,0
Nazi Concentration Camps,0,0,0
Jerry Before Seinfeld,0,0,0
Jim Jefferies: This Is Me Now,0,0,0
Hope Springs Eternal,0,0,0
Take Your Pills,0,0,0
Where the Money Is,0,0,0
Mubarakan,0,0,0
Vincent N Roxxy,0,5000000,-5000000
Tall Girl,0,0,0
Namak Halaal,0,0,0
USS Indianapolis: Men of Courage,2158568,40000000,-37841432
Tom Segura: Ball Hog,0,0,0
Pachamama,0,0,0
Godzilla: Planet of the Monsters,0,0,0
Delhi-6,8250000,0,8250000
Steel Rain,32783733,0,32783733
Iliza Shlesinger: Elder Millennial,0,0,0
Sudani from Nigeria,3585800,0,3585800
Tremors: A Cold Day in Hell,0,0,0
Rainbow Time,0,0,0
Hum Saath Saath Hain,0,0,0
Denis Leary: No Cure for Cancer,0,0,0
The Last Airbender,318502923,150000000,168502923
Print the Legend,0,0,0
Step Sisters,0,10000000,-10000000
Trailer Park Boys: Say Goodnight to the Bad Guys,0,0,0
The Fury of a Patient Man,1813729,1200000,613729
Tini: The New Life of Violetta,17000172,19201483,-2201311
Speech & Debate,0,0,0
Gagarin: First in Space,0,7000000,-7000000
Playing for Time,0,0,0
Yes or No,0,0,0
Uyare,0,0,0
Backtrack,0,0,0
Don't Knock Twice,0,0,0
Delirium,0,0,0
Thithi,0,0,0
Joe Rogan: Strange Times,0,0,0
Froning: The Fittest Man In History,0,0,0
Demetri Martin: Live (At The Time),0,0,0
The Man Without Gravity,0,0,0
Postcards from London,0,0,0
Keith Richards: Under the Influence,0,0,0
Angela's Christmas,0,0,0
The Black Godfather,0,0,0
Barbie: A Fairy Secret,0,0,0
Martin Lawrence Live: Runteldat,19184015,3000000,16184015
Organize İşler: Sazan Sarmalı,9831515,0,9831515
School Life,0,0,0
Eyyvah Eyvah 2,0,0,0
Solo,0,0,0
Happy Old Year,0,0,0
Money,93282604,27000000,66282604
Trolls Holiday,0,0,0
The Main Event,0,0,0
Walt Disney Animation Studios Short Films Collection,0,0,0
Rukh,0,0,0
Jeff Dunham: Beside Himself,0,0,0
Battle,0,1158003,-1158003
Luciano Mellera: Infantiloide,0,0,0
Mo' Money,40227006,17000000,23227006
Satte Pe Satta,0,0,0
Special Correspondents,0,0,0
Pokémon: Mewtwo Strikes Back - Evolution,26654184,0,26654184
Small Crimes,0,0,0
The Assignment,0,5000000,-5000000
"Yours Sincerely, Kanan Gill",0,0,0
Shelby American,0,0,0
A Perfect Ending,0,175000,-175000
Full Out,0,1500000,-1500000
Mad World,0,0,0
Wedding Association,0,2,-2
Agatha and the Truth of Murder,0,0,0
Love Beats Rhymes,0,0,0
Running Shaadi,0,0,0
Toc Toc,0,0,0
Aykut Enişte,0,0,0
Bhagam Bhag,0,0,0
1898: Our Last Men in the Philippines,0,6976542,-6976542
Kara Bela,0,0,0
Snow Day,62500000,130000000,-67500000
Lion's Heart,0,0,0
Jem and the Holograms,2333684,5000000,-2666316
Rakuen Tsuihou - Expelled from Paradise,0,0,0
Godzilla: City on the Edge of Battle,0,0,0
审死官,0,0,0
Burlesque: Heart of the Glitter Tribe,0,0,0
The Silence of the Marsh,0,0,0
Mrs. Serial Killer,0,0,0
How It Ends,0,20000000,-20000000
Holy Camp!,2963886,3144622,-180736
El Camino Christmas,0,0,0
The Lighthouse of the Orcas,0,6000000,-6000000
Seven Sundays,0,0,0
Cuddle Weather,0,0,0
Search Party,0,20000000,-20000000
The Legend of Cocaine Island,0,0,0
Barbie in A Mermaid Tale,16441438,0,16441438
Dabbe: Cin Çarpması,0,0,0
Ghost in the Shell Arise - Border 3: Ghost Tears,0,0,0
Dave Chappelle: The Kennedy Center Mark Twain Prize,0,0,0
Love Ni Bhavai,0,0,0
Malevolent,0,0,0
Dayveon,0,0,0
Tune in for Love,0,0,0
Paper Year,0,0,0
Point Blank,0,0,0
Connected,0,0,0
Sillu Karupatti,0,0,0
Chelsea Peretti: One of the Greats,0,0,0
The Wedding Party,0,0,0
The Adventures of Sharkboy and Lavagirl,69425966,50000000,19425966
Katherine Ryan: In Trouble,0,0,0
Next Avengers: Heroes of Tomorrow,3800000,0,3800000
A Life of Speed: The Juan Manuel Fangio Story,0,0,0
Red Istanbul,0,0,0
Swearnet: The Movie,0,0,0
DragonHeart: A New Beginning,0,0,0
The Scorpion King: Book of Souls,0,0,0
I Am Wrath,0,18000000,-18000000
Aziz Ansari: Live at Madison Square Garden,0,0,0
Paskal: The Movie,0,0,0
Raja Hindustani,0,0,0
Goyo: The Boy General,0,0,0
Tales from the Hood 2,0,0,0
The Little Vampire 3D,0,10000000,-10000000
Dragonheart: Vengeance,0,0,0
Beats,0,0,0
XOXO,0,0,0
Rudy Habibie,0,0,0
For Here or to Go?,0,0,0
Spyder,0,0,0
Social Animals,0,0,0
Lady Driver,0,0,0
Assimilate,0,0,0
Mercy Black,200046,0,200046
Fun Mom Dinner,0,0,0
Kristy,0,6900000,-6900000
Katt Williams: American Hustle,0,0,0
Lavender,0,0,0
The Lift Boy,0,0,0
Maria,0,0,0
After Porn Ends,0,400000,-400000
City of Tiny Lights,0,3892200,-3892200
Love in a Puff,0,0,0
Life Overtakes Me,0,0,0
Hank: 5 Years from the Brink,0,0,0
Judah Friedlander: America Is the Greatest Country in the United States,0,0,0
Kid Kulafu,0,0,0
Vince & Kath & James,0,0,0
Vir Das: For India,0,0,0
Greg Davies: You Magnificent Beast,0,0,0
Bulbul Can Sing,0,0,0
Ronnie Coleman: The King,0,0,0
Hazaaron Khwaishein Aisi,0,0,0
The Titan,0,0,0
Sliver,116300000,40000000,76300000
Half Girlfriend,12805400,7445000,5360400
God Bless the Broken Road,0,0,0
Summer Night,0,0,0
Demetri Martin: The Overthinker,0,0,0
Gie,0,0,0
The Boy Who Cried Werewolf,0,0,0
Pee-Wee's Playhouse Christmas Special,0,0,0
Bayonet,0,2400000,-2400000
Jim Gaffigan: Cinco,0,0,0
Cezanne and I,0,0,0
Diana: In Her Own Words,0,0,0
Shiva,0,0,0
The Tenth Man,0,0,0
Much Loved,0,0,0
Screwed,0,0,0
Martial Arts of Shaolin,0,10000000,-10000000
Maska,0,0,0
Mike Birbiglia: What I Should Have Said Was Nothing,0,0,0
Heal,0,0,0
Svaha: The Sixth Finger,0,0,0
Death Race: Beyond Anarchy,0,0,0
Patton Oswalt: Talking for Clapping,0,0,0
Mara,470901,5000000,-4529099
Return to the 36th Chamber,0,0,0
The Ridiculous 6,0,60000000,-60000000
Shootout at Lokhandwala,12000000,11000000,1000000
Big Time Movie,0,3004000,-3004000
I Fine..Thank You..Love You,0,0,0
Puerto Ricans in Paris,0,0,0
Njan Prakashan,0,0,0
Skin Trade,0,10000000,-10000000
Sebastian Maniscalco: What's Wrong with People?,0,0,0
My Little Pony: Equestria Girls - Friendship Games,0,0,0
Monster High: Great Scarrier Reef,0,0,0
Arctic Dogs,0,0,0
The Gathering,0,0,0
Last Ferry,0,0,0
Iliza Shlesinger: Confirmed Kills,0,0,0
A Christmas Prince: The Royal Baby,0,0,0
Jinxed,0,5000000,-5000000
Birdshot,0,0,0
The Eichmann Show,0,0,0
Boy Missing,0,0,0
Cats & Dogs: The Revenge of Kitty Galore,112483764,85000000,27483764
Rocky Handsome,0,0,0
Psychokinesis,0,0,0
You Changed My Life,0,0,0
Sarah Silverman: A Speck of Dust,0,0,0
Jab Harry Met Sejal,0,16600000,-16600000
The Roommate,52545707,16000000,36545707
Doom: Annihilation,0,0,0
Stephanie,0,0,0
The Vault,5728,5000000,-4994272
Theatre of Life,0,0,0
Why Me?,0,1370220,-1370220
Naked,0,0,0
The Laws of Thermodynamics,0,4380014,-4380014
The Gospel of John,0,0,0
Jimmy Carr: The Best of Ultimate Gold Greatest Hits,0,0,0
Dragon Tiger Gate,8685526,0,8685526
Bride for Rent,0,0,0
Polaroid,0,0,0
Yeh Ballet,0,0,0
The Watcher,0,33000000,-33000000
Fukrey,5200000,2200000,3000000
Some Kind of Beautiful,0,0,0
I Am the Pretty Thing That Lives in the House,0,0,0
Ghayal,0,0,0
Father of the Year,0,0,0
The Adderall Diaries,13191,0,13191
Psycho,32000000,806948,31193052
Wedding Unplanned,0,0,0
CRD,0,0,0
Bad Seeds,0,0,0
Armed to the Teeth,0,0,0
A Leaf of Faith,0,0,0
7 Años,0,0,0
Ready,27000000,5800000,21200000
ABCD,0,0,0
300 Miles to Heaven,0,0,0
The Legacy of a Whitetail Deer Hunter,0,0,0
Shorts,28972508,40000000,-11027492
Rim of the World,0,0,0
Clinical,0,0,0
Phir Bhi Dil Hai Hindustani,0,0,0
Sun Dogs,0,0,0
Thor: Tales of Asgard,3100000,0,3100000
Phobia 2,5030049,0,5030049
How to Get Over a Breakup,0,0,0
Monty Python: Parrot Sketch Not Included,0,0,0
Marc Maron: Thinky Pain,0,0,0
First Kill,0,10000000,-10000000
Barbra: The Music ... The Mem'ries ... The Magic!,0,0,0
Ee Nagaraniki Emaindi,0,0,0
Miss Julie,5000000,5500000,-500000
Why We Fight: Prelude to War,0,0,0
Sunrise In Heaven,0,225000,-225000
Michael Che Matters,0,0,0
Theo Who Lived,0,0,0
Everything About Her,0,0,0
The Stand at Paxton County,0,0,0
Ready to Mingle,0,0,0
The Journey Is the Destination,0,0,0
The Battle of Midway,0,0,0
The Bye Bye Man,26667197,7400000,19267197
Lady-Like,0,0,0
Extremis,0,0,0
Gnome Alone,0,0,0
Naomi and Ely's No Kiss List,0,0,0
Legendary Weapons of China,0,0,0
A Love Story,0,0,0
1920,0,0,0
Spy Kids: All the Time in the World,85564310,27000000,58564310
The Blue Umbrella,0,0,0
Rajma Chawal,0,0,0
You Carry Me,0,0,0
Monster High: Electrified,0,0,0
Running for Grace,0,0,0
Saving Capitalism,0,0,0
End Game,0,0,0
Love on Delivery,0,0,0
The Little Mermaid,0,0,0
Eerie,0,0,0
3022,0,0,0
No Other Woman,0,0,0
Invisible Essence: The Little Prince,0,0,0
Naam Shabana,0,0,0
Girls & Panzer: The Movie,0,0,0
Pyaar Ke Side Effects,0,0,0
Humpty Sharma Ki Dulhania,0,0,0
Chris D'Elia: Incorrigible,0,0,0
Lommbock,0,0,0
There's Something in the Water,0,0,0
It Takes A Man And A Woman,0,0,0
Good Luck,0,0,0
Birthmarked,0,0,0
Zapped,0,0,0
Twin Murders: The Silence of the White City,0,0,0
Bheeshma,0,0,0
Dave Chappelle: Equanimity,0,0,0
Tom and Jerry: The Magic Ring,0,0,0
My Stupid Boss,0,0,0
Zion,0,0,0
Mr. Pig,0,0,0
Loev,0,0,0
Manu,0,0,0
Main Meri Patni Aur Woh,0,0,0
Painted Faces,0,0,0
Deewana,12000000,0,12000000
Sister Cities,0,0,0
Janaan,3000000,1500000,1500000
Travis Scott: Look Mom I Can Fly,0,0,0
A Dangerous Woman,0,0,0
Beast Stalker,0,0,0
Eddie: Strongman,0,0,0
Bolbol Hayran,3911200,0,3911200
ABCD 2,892000,0,892000
Road to Roma,0,0,0
The Love Affair,0,0,0
We Are Young. We Are Strong.,0,0,0
Our Planet: Behind The Scenes,0,0,0
The Black Prince,0,0,0
Kuchh Bheege Alfaaz,0,0,0
Kingdom of Us,0,0,0
My Little Pony: Equestria Girls - Legend of Everfree,0,0,0
Pa Paandi,0,0,0
The Humanity Bureau,17544173,6000000,11544173
Barbie in Princess Power,0,0,0
Big Kill,0,0,0
Accident,0,0,0
Girlfriend's Day,0,0,0
The Ruthless,0,0,0
Thambi,0,0,0
Roped,0,0,0
All I Wish,0,0,0
İncir Reçeli 2,0,0,0
I Don't Know How She Does It,31410151,24000000,7410151
Bob Lazar: Area 51 and Flying Saucers,0,0,0
League of Legends Origins,0,0,0
Varane Avashyamund,4139731,587640,3552091
Out of Thin Air,0,0,0
Jeff Dunham: Minding the Monsters,0,0,0
Noblemen,0,0,0
Highly Strung,0,0,0
Gabriel Iglesias: I'm Sorry for What I Said When I Was Hungry,0,0,0
Bert Kreischer: The Machine,0,0,0
The Music of Silence,338778,0,338778
The Feels,0,0,0
Russell Peters: Notorious,0,0,0
Jeff Dunham: All Over the Map,0,0,0
Sara's Notebook,0,1000000,-1000000
Surga yang Tak Dirindukan,0,0,0
Chamatkar,0,0,0
93 Days,0,0,0
Phantom,0,0,0
Catfight,0,0,0
Ayat-Ayat Cinta 2,0,0,0
Munafik 2,0,0,0
Jhankaar Beats,0,0,0
Dark Crimes,0,4480393,-4480393
Tim Minchin and the Heritage Orchestra: Live at the Royal Albert Hall,0,0,0
Your Son,414202,0,414202
B.A. Pass,0,0,0
Hostage to the Devil,0,0,0
Once Upon a Time in London,0,0,0
Visions,0,0,0
The Most Hated Woman in America,0,0,0
The Silence of the Sky,0,0,0
Duplicate,10000000,4500000,5500000
Sam Kinison: Breaking the Rules,0,0,0
Wrong Side Raju,0,0,0
Good People,0,0,0
Devil's Bride,0,3100000,-3100000
Sebastian Maniscalco: Stay Hungry,0,0,0
The Last Laugh,0,0,0
Escape from the 'Liberty' Cinema,0,0,0
Government Woman,0,0,0
Hoodwinked Too! Hood VS. Evil,13521829,30000000,-16478171
Whitney Cummings: Can I Touch It?,0,0,0
Yol Arkadaşım 2,0,0,0
Anaarkali of Aarah,0,0,0
Dead Kids,0,0,0
Verses of Love,0,0,0
Nang-Nak,0,0,0
From One Second to the Next,0,0,0
Swiped,0,0,0
Freedom at Midnight,660390,0,660390
Jeff Dunham: Relative Disaster,0,0,0
Loving,17535962,4667008,12868954
Sarvam Thaala Mayam,0,0,0
Rocco,0,0,0
The Cell,0,0,0
Gori Tere Pyaar Mein,342000,0,342000
Operações Especiais,0,6000000,-6000000
Vizontele Tuuba,13954476,3000000,10954476
Summer of '92,0,0,0
Power of Grayskull: The Definitive History of He-Man and the Masters of the Universe,0,0,0
Waiting,0,0,0
Shor in the City,0,0,0
Bangkok Traffic Love Story,0,0,0
Inside Man: Most Wanted,0,0,0
Dabbe 5: Zehr-i Cin,0,0,0
Chris D'Elia: Man on Fire,0,0,0
Chris Tucker Live,0,0,0
The Rehearsal,0,0,0
Diana: 7 Days That Shook the Windsors,0,0,0
Antoine Griezmann: The Making of a Legend,0,0,0
Muramba,0,0,0
Ho Mann Jahaan,0,0,0
Yol Arkadaşım,6000000,0,6000000
Watchman,0,0,0
Love for Sale,0,0,0
Vir Das: Abroad Understanding,0,0,0
Wrong No.,1570000,390000,1180000
Sahara,7800000,0,7800000
Stereo,0,0,0
Be Somebody,0,0,0
Belmonte,0,0,0
Sitara: Let Girls Dream,0,0,0
Derren Brown: The Push,0,0,0
Off Course,0,0,0
Düğün Dernek 2: Sünnet,0,0,0
San Pietro,0,0,0
Sarajevo,0,0,0
Balu Mahi,0,0,0
A Cinderella Story: Christmas Wish,0,0,0
Once Again,0,0,0
Mortified Nation,0,0,0
The Mistress,5876918,22361,5854557
Don Verdean,31309,0,31309
Tremors 5: Bloodlines,0,0,0
The Sinking of Van Der Wijck,0,0,0
Sturgill Simpson Presents Sound & Fury,0,0,0
Mary's Land,0,0,0
Olmo and the Seagull,0,0,0
Sister In Law,0,0,0
"The Other One: The Long, Strange Trip of Bob Weir",0,0,0
Sebastian Maniscalco: Why Would You Do That?,0,0,0
Walk. Ride. Rodeo.,0,0,0
Emmanuel Macron: Behind the Rise,0,0,0
Aadu 2,0,0,0
Dude,0,0,0
Franca: Chaos and Creation,0,0,0
Shéhérazade,0,0,0
Under the Eiffel Tower,0,0,0
Motu Patlu: King Of Kings,0,0,0
I Hate Luv Storys,12000000,4400000,7600000
Küçük Esnaf,3140566,0,3140566
The Chosen Ones,0,0,0
The Love Guru,40854735,62000000,-21145265
Consequences,0,0,0
Elisa & Marcela,0,0,0
The Clapper,0,0,0
7 Khoon Maaf,2900000,2200000,700000
Very Big Shot,0,0,0
Barça Dreams,0,0,0
"El Pepe, A Supreme Life",0,0,0
Frank and Cindy,0,0,0
Monty Python's Flying Circus: Live at Aspen,0,0,0
Catwalk: Tales from the Catshow Circuit,0,0,0
SuckSeed,0,0,0
Perdida,0,667000,-667000
Why We Fight: The Battle of Russia,0,0,0
In the Shadow of Iris,0,0,0
The Animal People,0,0,0
Despite Everything,0,0,0
Tyke Elephant Outlaw,0,0,0
Dragonheart 3: The Sorcerer's Curse,0,0,0
Jackass Presents: Bad Grandpa .5,0,0,0
Barbie: Spy Squad,0,0,0
David Cross: Making America Great Again,0,0,0
The President's Barber,0,0,0
The Carter Effect,0,0,0
Nate Bargatze: The Tennessee Kid,0,0,0
Dying to Tell,0,0,0
Jarhead 2: Field of Fire,0,0,0
Neşeli Hayat,0,0,0
Euphoria,0,0,0
Growing Up Wild,0,0,0
After Porn Ends 3,0,0,0
Havenhurst,0,0,0
Monster High: New Ghoul at School,0,460000,-460000
Like Arrows,0,0,0
LEGO Marvel Super Heroes: Avengers Reassembled!,0,0,0
Forever Pure,0,0,0
God's Not Dead: A Light in Darkness,5728940,0,5728940
A Grand Night In: The Story of Aardman,0,0,0
Taramani,0,0,0
Rip Tide,0,3400000,-3400000
Brené Brown: The Call to Courage,0,0,0
One Day: Justice Delivered,0,0,0
Katt Williams: Great America,0,0,0
Khubsoorat,0,0,0
Judwaa 2,34500000,10000000,24500000
Singularity,0,0,0
Gad Elmaleh: American Dream,0,0,0
Kis Kisko Pyaar Karoon,0,0,0
The Incredible Story of the Giant Pear,0,0,0
The Heretics,0,0,0
One Heart: The A.R. Rahman Concert Film,0,0,0
Samantaral,0,0,0
The Girl from the Song,0,0,0
Tikli and Laxmi Bomb,0,0,0
The Wedding Curse,0,0,0
River's Edge,0,0,0
Battle Drone,0,3500000,-3500000
Puriyaatha Puthir,0,0,0
Fittest in Dubai,0,0,0
Fortune Feimster: Sweet & Salty,0,0,0
In Family I Trust,0,0,0
Ana e Vitória,0,0,0
The Last Hangover,0,0,0
LEGO DC Comics Super Heroes: Batman: Be-Leaguered,0,0,0
Masameer: The Movie,0,0,0
Ghost of the Mountains,0,0,0
Pottersville,0,10000000,-10000000
Riot,0,0,0
The Last Resort,0,0,0
He Even Has Your Eyes,0,0,0
The Hard Way,0,0,0
Jim Norton: Mouthful of Shame,0,0,0
Barbie & Her Sisters in A Pony Tale,0,0,0
Luv Shuv Tey Chicken Khurana,1600000,460000,1140000
My Little Pony: Best Gift Ever,0,0,0
Tig Notaro: Happy To Be Here,0,0,0
Surga Yang Tak Dirindukan 2,0,0,0
Pahuna: The Little Visitors,0,0,0
Azhar,0,0,0
Never Heard,0,4000000,-4000000
Mayday Life,0,0,0
Ferrari Ki Sawaari,0,0,0
Secret Obsession,0,0,0
Hedefim Sensin,0,0,0
Barbie in Rock 'N Royals,0,0,0
"Ray Romano: Right Here, Around the Corner",0,0,0
Merata: How Mum Decolonised the Screen,0,0,0
Raja Natwarlal,4,5,-1
Mother,0,0,0
"Ken Jeong: You Complete Me, Ho",0,0,0
The Apostate,0,0,0
Hamid,0,0,0
Let's Dance,0,0,0
Clair Obscur,0,0,0
Burning Cane,0,0,0
Bypass Road,0,0,0
Monster High: Welcome to Monster High,0,0,0
"Liar, Liar, Vampire",0,3500000,-3500000
Kurtuluş Son Durak,0,0,0
Late Life: The Chien-Ming Wang Story,0,0,0
The Lion Woman,0,0,0
Blood Money,0,0,0
Husband Factor: Resurrection,0,0,0
Hari Kondabolu: Warn Your Relatives,0,0,0
Recovery Boys,0,0,0
Selfie 69,0,0,0
Albion: The Enchanted Stallion,0,0,0
Manje Bistre,7800000,1092000,6708000
Laaf Wa Dawaraan,0,0,0
Ryan Hamilton: Happy Face,0,0,0
Mojave,0,0,0
A Week in Watts,0,0,0
The Unmarried Wife,0,0,0
Gardeners of Eden,0,0,0
Zoom,12506188,75600000,-63093812
Jack Whitehall: At Large,0,0,0
Jarhead 3: The Siege,0,0,0
Tremors 4: The Legend Begins,0,5000000,-5000000
The Girl Allergic to Wi-Fi,0,0,0
Legends of the Hidden Temple,0,0,0
Term Life,21256,16500000,-16478744
Carmen Sandiego: To Steal or Not to Steal,0,0,0
Tunisian Victory,0,0,0
Aiyaary,41000000,9150000,31850000
Jen Kirkman: I'm Gonna Die Alone (And I Feel Fine),0,0,0
Zindagi Kitni Haseen Hay,950000,280000,670000
Milada,0,0,0
Sabrina,0,0,0
Sex Doll,0,0,0
Spy Time,0,0,0
Iliza Shlesinger: Unveiled,0,0,0
Vir Das: Losing It,0,0,0
The 101-Year-Old Man Who Skipped Out on the Bill and Disappeared,0,10000000,-10000000
The Creative Brain,0,0,0
We Need to Talk,0,0,0
Cracked Up: The Darrell Hammond Story,0,0,0
Hypersomnia,0,0,0
Bygones Be Bygones,0,0,0
Shuddhi,0,0,0
Kevin James: Sweat the Small Stuff,0,0,0
Fasel Wa Naoud,1690482,0,1690482
The Last Face,0,0,0
Uriyadi 2,0,0,0
Nikki Glaser: Bangin',0,0,0
Break Up 100,0,0,0
An Hour and a Half,8899700,0,8899700
Garfunkel and Oates: Trying to be Special,0,0,0
The Ghost Who Walks,0,0,0
Monty Python: The Meaning of Live,0,0,0
Singh Saab the Great,0,0,0
Patiala House,0,0,0
Deliha,0,0,0
Duck Duck Goose,0,0,0
Alpha and Omega: The Legend of the Saw Tooth Cave,0,0,0
ReMastered: Devil at the Crossroads,0,0,0
The Real Miyagi,0,0,0
The Influence,0,4500000,-4500000
Transformer,0,0,0
What a Wonderful Family!,0,0,0
A Champion Heart,0,0,0
Deon Cole: Cole Hearted,0,0,0
Chronically Metropolitan,0,0,0
Lucknow Central,0,0,0
Jeff Dunham: Unhinged in Hollywood,0,0,0
Ely Bali Balak,3110799,0,3110799
Dab6e,0,0,0
Lovely Complex,0,0,0
Humko Deewana Kar Gaye,0,0,0
Pizza,0,0,0
Sethum Aayiram Pon,0,0,0
Chris Brown: Welcome to My Life,0,0,0
The Drowning,0,0,0
ReMastered: Massacre at the Stadium,0,0,0
Heroine,0,0,0
All in My Family,0,0,0
Wild Oats,0,0,0
Welcome to Sajjanpur,0,0,0
Bill Hicks: One Night Stand,0,0,0
You Get Me,0,0,0
"Oh, Ramona!",0,0,0
Deuces,0,0,0
Tom Papa: You're Doing Great!,0,0,0
Gridlocked,0,0,0
Rattlesnake,0,0,0
Jo Koy: Live from Seattle,0,0,0
NiNoKuni,0,0,0
Whitney Cummings: Money Shot,0,0,0
Alpha and Omega 2: A Howl-iday Adventure,0,0,0
Mac & Devin Go to High School,0,0,0
Husband Factor,0,0,0
Ram Jaane,2100000,520000,1580000
Judy Moody and the Not Bummer Summer,14166853,20000000,-5833147
The Bare-Footed Kid,0,0,0
Chelsea Handler: Uganda Be Kidding Me Live,0,0,0
Jarhead: Law of Return,0,0,0
The Plane Tree,0,0,0
Shonar Pahar,0,0,0
"Dana Carvey: Straight White Male, 60",0,0,0
Pulang,0,24000000,-24000000
Cities of Last Things,0,0,0
Betty White: First Lady of Television,0,0,0
Tim Minchin: So F**king Rock Live,0,0,0
Tinker',0,0,0
Grandmaster,130000,120000,10000
The Brave,25754775,38000000,-12245225
Fitoor,0,0,0
Derren Brown: Miracles for Sale,0,0,0
The Killer,0,0,0
Making Unorthodox,0,0,0
White Chamber,0,0,0
100 Days of Loneliness,0,0,0
The Crew,0,3000000,-3000000
Curtiz,0,0,0
Dragonheart: Battle for the Heartfire,0,0,0
Woody Woodpecker,0,10000000,-10000000
Caregiver,0,0,0
Annabelle Hooper and the Ghosts of Nantucket,0,0,0
Ninjago: Masters of Spinjitzu - Day of the Departed,0,0,0
Joy,0,0,0
This Earth of Mankind,0,0,0
6-5=2,0,46944,-46944
Single,0,0,0
ReMastered: The Two Killings of Sam Cooke,0,0,0
Out Of The Clear Blue Sky,0,0,0
Getaway Plan,0,0,0
Sol Levante,0,0,0
Heirs,0,0,0
Russell Howard: Recalibrate,0,0,0
The Third Party,0,0,0
Jack of all Trades,0,0,0
The 3rd Eye,0,0,0
Jen Kirkman: Just Keep Livin'?,0,0,0
Revenge of the Green Dragons,0,5000000,-5000000
The Flying Guillotine,0,0,0
Mostly Sunny,0,0,0
Laddaland,0,0,0
The Bomb,0,0,0
Jessica Darling's It List,0,0,0
The Heroes of Evil,0,0,0
Motichoor Chaknachoor,0,0,0
Finally Found Someone,0,0,0
Carbon,583100,0,583100
Fronteras,0,0,0
Da Kath and Kim Code,0,0,0
ATM: Er Rak Error,0,0,0
Dedemin Fişi,0,0,0
Liberated: The New Sexual Revolution,0,0,0
The Insomnia Club,0,0,0
"Love, Surreal and Odd",0,0,0
You're My Boss,0,0,0
Deep,0,6829782,-6829782
Christmas Wedding Planner,0,0,0
Krystal,0,0,0
My Stupid Boss 2,0,0,0
Maacher Jhol,0,0,0
Rangreza,0,0,0
P,5151936,0,5151936
Nibunan,0,0,0
Tere Naal Love Ho Gaya,0,0,0
Daughter of the Lake,0,0,0
Jewel's Catch One,0,0,0
Animas,0,0,0
Spivak,0,0,0
The Devil Inside,101758490,1000000,100758490
Russell Peters: Almost Famous,0,0,0
Hikaru Utada Laughter in the Dark Tour 2018,0,0,0
Kidnapping Stella,0,0,0
Salam - The First ****** Nobel Laureate,0,0,0
My Perfect Romance,0,0,0
"Colin Quinn: Red State, Blue State",0,0,0
Paris Is Us,0,0,0
Nothing to Lose,0,0,0
Birth Reborn,0,0,0
Love for Sale 2,0,0,0
Thunderbolt,0,0,0
I'll Sleep When I'm Dead,0,0,0
Mango Dreams,0,0,0
Race 2,0,0,0
Saving Zoë,0,0,0
The Ryan White Story,0,0,0
Beauty and the Bestie,0,0,0
Todd Barry: Spicy Honey,0,0,0
Christmas with a View,0,0,0
Happy Family,26441892,0,26441892
Reincarnated,0,0,0
Tracy Morgan: Staying Alive,0,0,0
The Mad Monk,0,0,0
We Are Family,0,0,0
Kaalia,0,0,0
Kath & Kimderella,0,0,0
Dragons: Rescue Riders: Hunt for the Golden Dragon,0,0,0
Tootsies & The Fake,0,0,0
14 Cameras,0,0,0
All The Freckles In The World,0,0,0
Eyyvah Eyvah 3,0,0,0
Material,0,0,0
Roll with Me,0,0,0
Line Walker,88658655,0,88658655
"Lorena, Light-footed Woman",0,0,0
Rock my Heart,0,0,0
Journey To Greenland,0,0,0
One Last Thing,0,0,0
Shark Night 3D,10126458,28000000,-17873542
Öldür Beni Sevgilim,0,0,0
Shimla Mirchi,0,0,0
Expedition Happiness,0,0,0
Brij Mohan Amar Rahe!,0,0,0
Generation Iron 2,0,0,0
A Beautiful Life,0,0,0
The Runner,0,6000000,-6000000
Spanish Affair 2,38482411,4500000,33982411
Fiza,623791,1000000,-376209
Cave,0,0,0
Russell Brand: Re:Birth,0,0,0
Kings,268031828,140000000,128031828
The Mansion,0,0,0
"Pizza, Beer, and Cigarettes",0,0,0
Forgive Us Our Debts,0,2000000,-2000000
The Gospel of Matthew,0,0,0
Wild Tango,0,0,0
Tiffany Haddish: Black Mitzvah,0,0,0
Meghnadbodh Rohoshyo,0,0,0
Rory Scovel Tries Stand-Up for the First Time,0,0,0
Cedric the Entertainer: Live from the Ville,0,0,0
Trailer Park Boys - Live in F**kin' Dublin,0,0,0
Brahman Naman,0,0,0
All the Devil's Men,0,0,0
Suzzanna: Buried Alive,0,0,0
Bomb Scared,0,0,0
Liar's Dice,0,0,0
All Light Will End,0,0,0
Boss Wants a Happy Ending,3000000,3000000,0
Judd Apatow: The Return,0,0,0
Hantu Kak Limah,0,0,0
Jo Koy: Comin’ In Hot,0,0,0
The Holiday Calendar,0,0,0
The Lost Brother,0,0,0
ReMastered: Tricky Dick & The Man in Black,0,0,0
Mauricio Meirelles: Generating Chaos,0,0,0
Laerte-se,0,0,0
Manhattan Romance,0,0,0
Street Flow,0,0,0
F.R.E.D.I.,0,0,0
Bon Bini Holland,5500000,0,5500000
City of God – 10 Years Later,0,0,0
Shanghai Fortress,0,30000000,-30000000
Jo Pil-ho: The Dawning Rage,0,0,0
La Pena Máxima,0,0,0
Neevevaro,0,0,0
Tiffany Haddish: She Ready! From the Hood to Hollywood!,0,0,0
Coin Heist,0,0,0
Headwinds,0,0,0
BNK48: Girls Don't Cry,0,0,0
The Surrounding Game,0,0,0
Chalay Thay Saath,0,0,0
The Dreamer,0,100,-100
Budapest,0,0,0
Trailer Park Boys: Live at the North Pole,0,0,0
Jatt James Bond,0,0,0
The Mars Generation,0,0,0
Our Shining Days,6600,0,6600
People You May Know,0,0,0
Kalakalappu,0,0,0
LEGO Marvel Super Heroes: Black Panther - Trouble in Wakanda,0,0,0
Fanatyk,0,25000,-25000
The Recall,1319566,5000000,-3680434
Los ladrones viejos: Las leyendas del artegio,0,0,0
The Maus,0,2395510,-2395510
Les Étoiles Vagabondes,0,0,0
Tom Papa: Live in New York City,0,0,0
Marlon Wayans: Woke-ish,0,0,0
Yes or No: Come Back to Me,0,0,0
Thi Mai,0,0,0
Our Godfather,0,0,0
Naan Sigappu Manithan,2800000,1200000,1600000
"Ron White: If You Quit Listening, I'll Shut Up",0,0,0
Deliha 2,0,0,0
Truth or Dare,0,0,0
ReMastered: The Miami Showband Massacre,0,0,0
Simon Amstell: Set Free,0,0,0
Filosofi Kopi,0,0,0
Moor,13000,350000,-337000
Sofía Niño de Rivera: Exposed,0,0,0
Darc,0,0,0
Monsters: Dark Continent,0,0,0
Lens,0,0,0
Aakhri Adaalat,0,0,0
Belief: The Possession of Janet Moses,0,0,0
Kurbaan,6600000,7700000,-1100000
Buddies,0,0,0
Colin Quinn: The New York Story,0,0,0
The Devil and Father Amorth,0,0,0
Lionheart,0,0,0
Lifeline,0,0,0
The Doll,0,0,0
Beauties of the Night,0,0,0
LeapFrog: The Letter Factory,0,0,0
LEGO Marvel Super Heroes - Guardians of the Galaxy: The Thanos Threat,0,0,0
Stunt School,0,0,0
Craig Ferguson: Tickle Fight,0,0,0
Malicious,0,3500000,-3500000
It's for Your Own Good,0,2700000,-2700000
My Own Man,0,0,0
Leal,0,0,0
The Next Skin,0,0,0
Vodka Diaries,0,0,0
The House of Flowers Presents: The Funeral,0,0,0
Barbie: Star Light Adventure,0,0,0
Beyond All Boundaries,0,0,0
Girls with Balls,0,0,0
Sadie's Last Days on Earth,0,0,0
Yellowbird,0,0,0
Alelí,0,0,0
Back to School,0,0,0
A Glimpse Inside the Mind of Charles Swan III,0,0,0
Escape from Mr. Lemoncello's Library,0,5000000,-5000000
Romantik Komedi,0,0,0
Justine,0,0,0
Kobiety mafii 2,0,0,0
Ragini MMS,0,0,0
The 100 Years Show,0,0,0
Joan Rivers: Don't Start with Me,0,0,0
Beak & Brain,0,0,0
Little Singham aur Kaal ka Mahajaal,0,0,0
Made in China,0,0,0
Holiday Rush,0,0,0
Ascharya Fuck It,0,0,0
Honey: Rise Up and Dance,0,0,0
The Search for Life in Space,0,0,0
Puss in Book: Trapped in an Epic Tale,0,0,0
Vaya,0,0,0
Christina P: Mother Inferior,0,0,0
Def Comedy Jam 25,0,0,0
Crossroads: One Two Jaga,0,0,0
Chameli,0,1000000,-1000000
Night Fare,0,0,0
When Angels Sleep,0,0,0
The Last Thing He Wanted,0,0,0
Chaahat,7100000,3000000,4100000
Dance Flick,32,25,7
Haani,0,0,0
My Führer,0,0,0
The (Silent) War,0,0,0
The Trap,0,0,0
Love and Shukla,0,0,0
Godzilla: The Planet Eater,0,0,0
The Meaning of Monty Python,0,0,0
Goli Soda 2,0,0,0
The 3rd Eye 2,0,0,0
The Reconquest,0,0,0
Raising the Bar,0,600000,-600000
Much Ado About Nothing,0,0,0
Maria Bamford: Old Baby,0,0,0
Jacob's Ladder,0,0,0
Airplane Mode,0,0,0
Unchained: The Untold Story of Freestyle Motocross,0,0,0
The Great Gambler,0,0,0
Who the Fuck is That Guy?: The Fabulous Journey of Michael Alago,0,0,0
Maz Jobrani: Immigrant,0,0,0
Heroes Wanted,0,0,0
Sisterakas,0,0,0
Colin Quinn: Unconstitutional,0,0,0
Adam Devine: Best Time of Our Lives,0,0,0
ReMastered: The Lion's Share,0,0,0
Hide and Seek,0,0,0
Cabin Fever,0,0,0
Bazaar,0,0,0
LEGO Jurassic World: The Indominus Escape,0,0,0
Memory Games,0,0,0
A Remarkable Tale,0,0,0
Playing Hard,0,0,0
"Berlin, I Love You",0,0,0
Bhouri,0,0,0
Compulsión,0,0,0
Kathleen Madigan: Bothering Jesus,0,0,0
The Great Magician,0,15000000,-15000000
Manusangada,0,0,0
Silent,97607453,50000000,47607453
The Boss's Daughter,0,0,0
Road Trip: Beer Pong,0,0,0
Upstarts,0,0,0
ReMastered: Who Shot the Sheriff,0,0,0
"2,215",0,0,0
Iron Man & Captain America: Heroes United,0,0,0
The Dancer,0,0,0
Good Sam,0,0,0
El Dealer,0,0,0
The George McKenna Story,0,0,0
I'm Brent Morin,0,0,0
The Gentleman Driver,0,0,0
One 2 Ka 4,5900000,5200000,700000
Tahaan,0,0,0
The Darkest Dawn,0,0,0
Jail,90508336,0,90508336
The Only Mother,0,0,0
Tottaa Pataaka Item Maal,0,0,0
Professor,0,0,0
Rogue Warfare,0,0,0
The Super Parental Guardians,0,0,0
Barbie: Dolphin Magic,0,0,0
Judwaa,0,0,0
Chupan Chupai,0,0,0
Kismat Konnection,11000000,4180000,6820000
Kyaa Kool Hai Hum,0,0,0
Gun City,0,0,0
Katt Williams: Kattpacalypse,0,0,0
Dry Martina,0,0,0
The Doll 2,0,0,0
Malcriados,0,0,0
Santa Girl,0,0,0
The Breakup Playlist,0,0,0
Full Count,0,0,0
Welcome Mr. President!,9500000,0,9500000
My Honor Was Loyalty,0,0,0
Music Teacher,0,0,0
Lucas Brothers: On Drugs,0,0,0
Reggie Watts: Spatial,0,0,0
Hunt to Kill,0,2300000,-2300000
I'm in Love with a Church Girl,0,0,0
Michael Lost and Found,0,0,0
3 Türken und ein Baby,0,0,0
Metro,0,0,0
Hayat Öpücüğü,0,0,0
Koi Aap Sa,0,0,0
W. Kamau Bell: Private School Negro,0,0,0
Offline: Are You Ready for the Next Level?,0,0,0
Abzurdah,0,0,0
Honeymoon Travels Pvt. Ltd.,2500000,1400000,1100000
Evvarikee Cheppoddu,0,0,0
Awake,0,0,0
Apache Warrior,0,0,0
Gad Gone Wild,0,0,0
Sparring,0,0,0
Mo Amer: The Vagabond,0,0,0
Invisible,0,5000000,-5000000
Evening Shadows,0,0,0
Zip & Zap and the Captain's Island,0,0,0
Anjelah Johnson: Not Fancy,0,0,0
Poster Boys,3540879,2360586,1180293
A Flying Jatt,0,0,0
Jeff Foxworthy & Larry the Cable Guy: We've Been Thinking,0,0,0
Mallu Singh,1530000,1300000,230000
Temple,0,0,0
Whindersson Nunes: Adult,0,0,0
Sextuplets,0,0,0
Night on Earth: Shot in the Dark,0,0,0
Warrior Savitri,0,0,0
Sardaarji 2,0,0,0
My Birthday Song,0,0,0
The Open House,0,0,0
Christmas in the Smokies,0,0,0
Lavell Crawford: Can a Brother Get Some Love?,0,0,0
Abominable Christmas,0,0,0
Theo Von: No Offense,0,0,0
A Family Affair,0,0,0
Animales sin collar,0,0,0
Life Ki Toh Lag Gayi,0,0,0
Forever the Moment,0,0,0
Going for Gold,0,0,0
Danur,0,0,0
Kardec,0,0,0
The Gospel of Mark,0,0,0
Lucky: No Time for Love,0,0,0
Numbered,0,0,0
Arctic Heart,0,0,0
The Negro Soldier,0,0,0
A Tale of Two Kitchens,0,0,0
Can Dostlar,0,0,0
Birders,0,0,0
Hükümet Kadın 2,0,0,0
Behind the Curtain: Todrick Hall,0,0,0
Gatao 2: Rise of the King,0,0,0
"Trailer Park Boys: Drunk, High and Unemployed: Live In Austin",0,0,0
Cristina,0,0,0
Kaakan,0,0,0
Paharganj,0,0,0
Katt Williams: Live,0,0,0
XV Beyond the Tryline,0,0,0
A Triumph of the Heart: The Ricky Bell Story,0,0,0
My Way: The Rise and Fall of Silvio Berlusconi,0,0,0
Change in the Air,0,0,0
Aliens Ate My Homework,0,0,0
Amy Schumer: The Leather Special,0,0,0
"To Each, Her Own",0,0,0
Mad Ron's Prevues from Hell,0,0,0
Alibaba Aur 40 Chor,0,0,0
Dhan Dhana Dhan Goal,0,0,0
Disciples of the 36th Chamber,0,0,0
D.L. Hughley: Contrarian,0,0,0
Zubaan,0,0,0
Nathicharami,0,0,0
The Witch Files,0,0,0
Children of God,0,0,0
West Coast,0,0,0
Letters from Prague,0,0,0
Rebirth,0,0,0
Soekarno,0,0,0
Vettai,0,0,0
Virsa,1600000,580000,1020000
Muran,0,0,0
Darna Mana Hai,0,0,0
The Gospel of Luke,0,0,0
Go! Go! Cory Carson: The Chrissy,0,0,0
Maria Bamford: The Special Special Special!,0,0,0
26 Years,0,0,0
Forbidden Games: The Justin Fashanu Story,0,0,0
The Tigers of Scotland,0,0,0
Hero,0,0,0
"I Love You, Stupid",396640,0,396640
Secrets in the Hot Spring,0,0,0
Slam,0,500000,-500000
Dark Light,0,0,0
Ungli,0,0,0
Seven in Heaven,0,0,0
Revenge of the Pontianak,0,0,0
The World We Make,0,0,0
The Set Up,0,0,0
What the F* Is Going On?,0,0,0
Emma',0,0,0
Garfield Gets Real,0,0,0
Compulsion,0,0,0
Echcharikkai,0,0,0
Jagat,0,67600,-67600
Mercenary,0,0,0
Gun Runners,0,0,0
Stretch Armstrong: The Breakout,0,0,0
The Amazing Praybeyt Benjamin,0,0,0
Satyagraha,0,0,0
Players,0,0,0
Chashme Baddoor,5500000,37000000,-31500000
My True Friend,0,0,0
All of You,0,0,0
Opium and the Kung Fu Master,0,0,0
Still Laugh-In: The Stars Celebrate,0,0,0
Generation Iron 3,0,0,0
Barbie Video Game Hero,0,0,0
Cristela Alonzo: Lower Classy,0,0,0
Maine Pyaar Kyun Kiya?,0,0,0
Bhangra Paa Le,0,0,0
Elizabeth at 90: A Family Tribute,0,0,0
Spookley the Square Pumpkin,0,0,0
Unspeakable Acts,0,0,0
Adam: His Song Continues,0,0,0
The Fourth Direction,0,0,0
The Long Goodbye: The Kara Tippetts Story,0,0,0
A Heavy Heart,0,0,0
Bibi & Tina: Girls vs. Boys,0,0,0
"River, el Más Grande Siempre",0,0,0
Interview with a Serial Killer,0,0,0
Numero Zero: The Roots of Italian Rap,0,0,0
The Bittersweet,0,0,0
Mere Pyare Prime Minister,0,0,0
Saawan,0,0,0
The Road to El Camino: Behind the Scenes of El Camino: A Breaking Bad Movie,0,0,0
Enter the Anime,0,0,0
Monster Island,1913973,0,1913973
13th: A Conversation with Oprah Winfrey & Ava DuVernay,0,0,0
Bibi & Tina: Bewildered and Bewitched,0,0,0
A Family Reunion Christmas,0,0,0
Power Rangers Samurai: Clash of the Red Rangers - The Movie,0,0,0
A Perfect Man,388,5000000,-4999612
Urvi,0,0,0
Un + une,0,0,0
Hitler's Olympics,0,0,0
Çok Filim Hareketler Bunlar,0,0,0
Calum Von Moger: Unbroken,0,0,0
Heartthrob,90000000,4000000,86000000
The Body,0,0,0
Arrest Letter,0,0,0
One Last Shot,0,0,0
Undercover Grandpa,0,0,0
Bibi & Tina: Perfect Pandemonium,0,0,0
Scales: Mermaids Are Real,0,0,0
Driven to Dance,0,0,0
Theeya Velai Seiyyanum Kumaru,0,0,0
The App,0,0,0
The Last Hour,0,0,0
Aashayein,0,0,0
Brother,0,0,0
Marvel Super Heroes Adventures: Frost Fight,0,0,0
Convict,0,0,0
Nila,0,0,0
Jatts in Golmaal,0,0,0
A Billion Colour Story,0,0,0
A Mighty Team,0,0,0
Nightmare in Columbia County,0,0,0
"Ram Dass, Going Home",0,0,0
Day of the Dead: Bloodline,0,8000000,-8000000
Hitler's Steel Beast,0,0,0
Pants on Fire,0,0,0
Kevin Hart's Guide to Black History,0,0,0
Miranda Sings Live... Your Welcome.,0,0,0
Jora 10 Numbaria,0,0,0
Back to the 90s,0,0,0
The Bros,0,0,0
Boshkash,0,0,0
D.L. Hughley: Clear,0,0,0
I Love You - A Divorce Comedy,0,0,0
The First Temptation of Christ,0,0,0
Ankur Arora Murder Case,0,0,0
Asees,0,0,0
Water,0,4700000,-4700000
Backdraft 2,0,0,0
David Batra: Elephant in The Room,0,0,0
The Man Who Would Be Polka King,0,0,0
Barah Aana,0,0,0
Happy Go Lucky,0,0,0
Food on the Go,0,0,0
El testigo: Caín y Abel,0,0,0
Born in Gaza,0,0,0
A Home with a View,0,0,0
Lang Tong,0,363000,-363000
Rampage: President Down,0,0,0
King of Peking,0,0,0
Todo lo que sería Lucas Lauriente,0,0,0
DeRay Davis: How to Act Black,0,0,0
Veerappan,7500000,0,7500000
Bibi & Tina,0,0,0
Kevin James: Never Don't Give Up,0,0,0
Planetarium,0,0,0
Wyatt Cenac: Brooklyn,0,0,0
Jai Mummy Di,0,0,0
Berlin Kaplanı,0,0,0
The Spooky Tale of Captain Underpants Hack-a-ween,0,0,0
A Sort of Family,0,0,0
Report from the Aleutians,0,0,0
The Promise,0,0,0
Free Rein: The Twelve Neighs of Christmas,0,0,0
Jonah,0,0,0
Fatso!,0,0,0
Casablancas: The Man Who Loved Women,0,0,0
Hulk: Where Monsters Dwell,0,0,0
Léa & I,0,0,0
Cop and a Half: New Recruit,0,0,0
Rainbow Jelly,0,0,0
Kanavu Variyam,0,0,0
House of the Witch,0,0,0
Free Rein: Valentine's Day,0,0,0
The Gathering 2,0,0,0
Candyflip,0,0,0
Pup Star,0,0,0
A 3 Minute Hug,0,0,0
Dear Dad,0,0,0
I Am Vengeance,0,0,0
Victor,34227298,40000000,-5772702
Maya Memsaab,1400000,0,1400000
Interrogation,0,0,0
Saavat,0,0,0
Chhota Bheem Kung Fu Dhamaka,0,0,0
The Last Whistle,0,0,0
Elaan,0,0,0
It's Now or Never,0,0,0
Romeo Ranjha,0,0,0
3 Heroines,0,0,0
Up Among the Stars,0,0,0
Mahabharat,210000,7000000,-6790000
Blessed Benefit,0,0,0
Maddman: The Steve Madden Story,0,0,0
Thank You,4100000,13100000,-9000000
Two Champions of Shaolin,0,0,0
Joe Mande's Award-Winning Comedy Special,0,0,0
¡Asu Mare! 2,0,0,0
Resurface,0,0,0
True: Happy Hearts Day,0,0,0
Pickpockets,0,0,0
Feel Rich: Health Is the New Wealth,0,0,0
Manoranjan,0,0,0
Hunting Season,0,0,0
Hope Aur Hum,0,0,0
Jeff Garlin: Our Man in Chicago,0,0,0
Bucket List,0,0,0
No Place Like Home,0,0,0
Mo Gilligan: Momentum,0,0,0
Deadcon,0,0,0
Alex Fernández: The Best Comedian in the World,0,0,0
Natural Selection,0,0,0
Take the 10,0,0,0
Sigaram Thodu,0,0,0
Setup,2128186,20000000,-17871814
Uncovered,0,0,0
Moshe Kasher: Live in Oakland,0,0,0
Pandigai,0,0,0
Oversize Cops,0,0,0
Dolphin Kick,0,0,0
Jack Whitehall: Christmas with my Father,0,0,0
706,0,0,0
Weeds on Fire,0,0,0
El club de los buenos infieles,0,0,0
Suicide,0,0,0
All About Asado,0,0,0
David A. Arnold Fat Ballerina,0,0,0
The Massively Mixed-Up Middle School Mystery,0,0,0
French Toast,0,0,0
Mustang Island,0,0,0
Garfield's Pet Force,0,0,0
Know Your Enemy - Japan,0,0,0
Malena Pichot: Estupidez compleja,0,0,0
One in a Billion,0,0,0
Catching Feelings,0,0,0
Fary Is the New Black,0,0,0
Lynx,0,0,0
El Che,0,0,0
Five Nights in Maine,0,0,0
Kill Hitler! The Luck of the Devil,0,0,0
Carlos Ballarta: Furia Ñera,0,0,0
12 Round Gun,0,0,0
Baadshaho,27000000,12300000,14700000
Khido Khundi,0,0,0
Garuda Di Dadaku,0,0,0
Sinister Circle,0,0,0
Galih & Ratna,0,0,0
Shubh Aarambh,0,0,0
Agustín Aristarán: Soy Rada,0,0,0
Love Is a Story,0,0,0
Deewangee,0,0,0
Surviving Christmas with the Relatives,36809,0,36809
Sat Shri Akaal England,0,0,0
Road to Yesterday,0,0,0
Ghost Patrol,0,0,0
"I, Potro",0,0,0
Alien Warfare,0,0,0
Uncertain Glory,0,0,0
Komola Rocket,0,0,0
Fred Armisen: Standup for Drummers,0,0,0
Amateur,0,0,0
Jaoon Kahan Bata Ae Dil,0,0,0
Always a Bridesmaid,0,0,0
High Society,0,0,0
Camera Store,0,0,0
Eeda,126500,0,126500
Brian Regan: Nunchucks and Flamethrowers,0,0,0
Desolate,0,0,0
Blockbuster,0,0,0
May We Chat,0,0,0
Coffee for All,78000,125000,-47000
Ghosts of Sugar Land,0,0,0
This Was Tomorrow,0,0,0
My Little Pony: Equestria Girls - Rollercoaster of Friendship,0,0,0
Notes from Dunblane: Lessons from a School Shooting,0,0,0
Lusers,0,2000000,-2000000
Willy and the Guardians of the Lake,0,0,0
Raghda Motawahesha,0,0,0
Urumbukal Urangarilla,0,0,0
Der NSU-Komplex,0,0,0
Paranormal Investigation,0,0,0
Baby Mamas,0,0,0
Perú: Tesoro escondido,0,0,0
A Witches' Ball,0,0,0
Tim Allen: Men Are Pigs,0,0,0
Stray Bullet,0,0,0
Lynne Koplitz: Hormonal Beast,0,0,0
Captain Underpants: Epic Choice-o-rama,0,0,0
Concrete Football,0,0,0
Thottappan,0,0,0
Rafinha Bastos: Ultimatum,0,0,0
Handsome: A Netflix Mystery Movie,0,0,0
Rattle the Cage,0,0,0
John Day,0,0,0
Tik Tok,0,0,0
The Violin Player,0,0,0
Jackpot,0,0,0
Little Miss Sumo,0,0,0
Robin Hood: The Rebellion,0,0,0
JFK: The Making of a President,0,0,0
Meet the Trumps: From Immigrant to President,0,0,0
Prague,0,0,0
Misfit,0,0,0
Firebrand,0,0,0
Hurricane Bianca: From Russia with Hate,0,0,0
After the Raid,0,0,0
Strange Voices,0,0,0
Pettson and Findus: The Best Christmas Ever,0,0,0
"Footprints, the Path of Your Life",0,0,0
Na Bangaaru Talli,0,0,0
Kisaan,0,0,0
Saath Saath,0,0,0
Luccas Neto in: Summer Camp,0,0,0
The Little Switzerland,0,0,0
The Pursuit,0,0,0
Nocturne,0,0,0
Pinky Memsaab,0,0,0
Smosh: The Movie,0,0,0
Seth Rogen's Hilarity for Charity,0,0,0
Power Rangers Megaforce: Ultimate Team Power,0,0,0
Zachariayude Garbhinikal,0,0,0
Beneath The Leaves,0,0,0
The Memory of Water,0,0,0
War Chod Na Yaar,0,0,0
Madness in the Desert: The Paris to Dakar Story,0,0,0
The Reliant,0,0,0
The Twins Effect II,0,0,0
S Storm,0,0,0
Garfield's Fun Fest,0,0,0
Only Mine,0,0,0
I'm Not Crazy!,0,0,0
Aashik Aawara,0,0,0
Schubert in Love,0,0,0
Main Aurr Mrs Khanna,3600000,2200000,1400000
Monopoly ( Bank Of Luck),0,0,0
Kiss and Cry,0,0,0
Katherine Ryan: Glitter Room,0,0,0
23:59,1208479,600000,608479
Bir Baba Hindu,0,0,0
Bring It On: Worldwide #Cheersmack,0,0,0
Halkaa,0,0,0
Little Dragon Maiden,0,0,0
Buddy Thunderstruck: The Maybe Pile,0,0,0
Target,0,0,0
The Chord,0,0,0
Gadaar: The Traitor,0,0,0
A Haunting at Silver Falls: The Return,0,0,0
Todd Glass Stand-Up Special,0,0,0
Felipe Esparza: They're Not Gonna Laugh At You,0,0,0
Savita Damodar Paranjpe,0,0,0
Lo más sencillo es complicarlo todo,0,0,0
5 Star Christmas,0,0,0
Ánima,0,0,0
Amrapali,0,0,0
Across Grace Alley,0,0,0
Armed Response,52036,0,52036
Bachelor Girls,0,0,0
Phir Se,0,0,0
Patria,0,0,0
Back of the Net,0,0,0
Holy Goalie,0,0,0
Pedal the World,0,0,0
A Fairly Odd Summer,0,5000000,-5000000
Bruno & Boots: The Wizzle War,0,0,0
Are We Done,0,430000,-430000
Aalorukkam,0,0,0
Twins Mission,0,0,0
El Potro: Lo mejor del amor,0,0,0
10 jours en or,0,0,0
Judge Singh LLB,0,0,0
Forever Chape,0,0,0
Ludo,0,0,0
It Takes a Lunatic,0,0,0
Rakkhosh,0,0,0
Before the Flying Circus,0,0,0
Thaandavam,0,0,0
The Milk System,0,0,0
Lock,0,0,0
Santa Pac's Merry Berry Day,0,0,0
Mi Amigo Alexis,0,0,0
The Truth About Alcohol,0,0,0
King of Boys,0,0,0
New Money,0,0,0
Omar & Salma 3,0,0,0
Bilu: A Demon Within,0,0,0
Beary Tales,0,0,0
Ralphie May: Unruly,0,0,0
Go! The Unforgettable Party,0,0,0
Camarón: The Film,0,0,0
All Hallow's Eve,0,0,0
Parchís: The Documentary,0,0,0
The Last Party,0,0,0
Acapulco la vida va,0,0,0
Running Out of Time,0,0,0
When Hari Got Married,0,0,0
Singapore,0,0,0
Hombanna,0,0,0
Hera Pheri,0,0,0
The Forgotten,0,1446950,-1446950
Freshman Year,0,0,0
Anjaan,0,0,0
Viking Destiny,0,0,0
Aagey Se Right,0,0,0
Alexis Viera: A Story of Surviving,0,0,0
Aditi Mittal: Things They Wouldn't Let Me Say,0,0,0
Beiimaan Love,0,0,0
Vanjagar Ulagam,0,0,0
John & Jane,0,0,0
"Chatô, The King of Brazil",0,0,0
Familiye,0,0,0
Mr. Chandramouli,0,0,0
Amelia: A Tale of Two Sisters,0,0,0
"We, The Marines",0,0,0
A New Capitalism,0,0,0
Urban Cowboy: The Rise and Fall of Gilley's,0,0,0
The Figurine,200000,300000,-100000
Dear Dracula,0,0,0
The Car: Road to Revenge,0,0,0
Sniper: Special Ops,0,0,0
Warfighter,0,0,0
Born to Be Free,0,0,0
Ice,408579038,105000000,303579038
Romantik Komedi 2: Bekarlığa Veda,0,0,0
Something Huge,0,0,0
Love You... Love You Not...,0,0,0
Wahed Sahih,0,0,0
Rise of the Zombie,0,0,0
3 Seconds Divorce,0,0,0
Chance Pe Dance,0,0,0
Carlos Ballarta: El Amor es de Putos,0,0,0
Prince Charming,0,0,0
Souk Bazaar,0,0,0
Chaotic Love Poems,0,0,0
90 ML,0,0,0
The Worthy,0,0,0
The Thief and the Fool,0,0,0
The Holy Man,680000,341436,338564
What's Your Raashee?,0,0,0
Daniel Sosa: Maleducado,0,0,0
Action Replayy,5000000,10000000,-5000000
La sangre del gallo,0,0,0
A Stoning in Fulham County,0,0,0
Warda,0,0,0
Gour Hari Dastaan,0,0,0
Bruno & Boots: Go Jump in the Pool,0,0,0
SDU: Sex Duties Unit,0,0,0
A StoryBots Christmas,0,0,0
Odu Raja Odu,0,0,0
Franco Escamilla: For the Anecdote,0,0,0
French Dirty,0,0,0
Ms. Mammy,0,0,0
Los Tigres del Norte at Folsom Prison,0,0,0
Bruno & Boots: This Can't Be Happening at Macdonald Hall,0,0,0
Quiet Victory: The Charlie Wedemeyer Story,0,0,0
Bombairiya,0,0,0
Bang Rajan 2,0,0,0
Ghanchakkar,5300000,4100000,1200000
English Babu Desi Mem,39000000,20000000,19000000
The Trader,0,0,0
Phone Swap,0,0,0
Spirit Riding Free: Spirit of Christmas,0,0,0
5Gang: A different kind of Christmas,1489573,1500000,-10427
The Alien and Me,0,0,0
Naughty Jatts,0,0,0
Freezer's Campaign,0,0,0
Once a Gangster,0,2000000,-2000000
Monkey Up,0,0,0
10 Days In Sun City,0,0,0
In My Country,0,0,0
Autohead,0,0,0
Incorruptible,0,0,0
Krishna Cottage,0,0,0
Super Monsters Save Christmas,0,0,0
The Bling Lagosians,0,0,0
Needhi Singh,0,0,0
Teen Aur Aadha,0,0,0
Sommore: Chandelier Status,0,0,0
The Christmas Project,0,0,0
The Wedding Party 2: Destination Dubai,2000000,0,2000000
Love Is War,0,0,0
Zokkomon,0,0,0
Clarence Clemons: Who Do I Think I Am?,0,0,0
Melle,0,0,0
Misfit 2,0,0,0
Indiscretion,0,0,0
Bulletproof 2,0,0,0
Adel Karam: Live from Beirut,0,0,0
Too Young The Hero,0,0,0
Mumbai Matinee,0,0,0
Chhota Bheem And The Curse of Damyaan,0,0,0
Sam Kinison: Family Entertainment Hour,0,0,0
In Defense of a Married Man,0,0,0
The Pact,0,0,0
Bioscope,0,0,0
Pekak,0,96727,-96727
Edoardo Ferrario: Temi Caldi,0,0,0
Bob's Broken Sleigh,0,0,0
Up North,0,0,0
Sofía Niño de Rivera: Natural Selection,0,0,0
El Viaje: Márama y Rombai,0,0,0
Bhasmasur,0,0,0
Holly Star,0,0,0
Loudon Wainwright III: Surviving Twin,0,0,0
Sarvopari Palakkaran,0,470000,-470000
Autumn,0,65000000,-65000000
Bartita,182562,0,182562
Oh My Ghosts,0,0,0
Kia and Cosmos,0,0,0
On the Wrong Track,0,0,0
Hot Property,0,0,0
Eza'et Hobb,0,0,0
Minnaminungu The Firefly,0,0,0
The Christmas Trap,0,0,0
What Makes a Psychopath?,0,0,0
Kyo Kii... Main Jhuth Nahin Bolta,0,0,0
Faraar,0,0,0
SPF-18,0,0,0
Shopkins: Wild,0,0,0
B. A. Pass 2,0,0,0
Mauli,0,0,0
Flying Guillotine II,0,0,0
Yaar Gaddar,0,0,0
LeapFrog: Phonics Farm,0,0,0
Brad Paisley's Comedy Rodeo,0,0,0
"Martin Matte : La vie, la mort... eh la la..!",0,0,0
5 Cowok Jagoan,0,0,0
The Free Man,0,0,0
Gang of the Caribbean,0,0,0
Marriage Palace,0,0,0
X: Past Is Present,0,0,0
Have You Seen the Listers?,0,0,0
Kanika,0,0,0
Swearnet Live,0,0,0
Macho,0,0,0
Tim Allen: Rewires America,0,0,0
Shabd,3100000,2500000,600000
Aisa Yeh Jahaan,0,0,0
DreamWorks Home: For the Holidays,0,0,0
W/O Ram,0,0,0
Malaal,0,0,0
Enissa Amani: Ehrenwort,0,0,0
Ghulam-E-Musthafa,0,0,0
Super Monsters Furever Friends,0,0,0
Peace Haven,0,0,0
Right Here Right Now,0,0,0
Pranaam,0,0,0
Mike Epps: Only One Mike,0,0,0
Super Monsters Save Halloween,0,0,0
Helios,0,25784494,-25784494
Kolaiyuthir Kaalam,0,0,0
Counterpunch,0,0,0
The Unborn Child,0,0,0
Calendar Girls,0,0,0
Shortcut Safari,0,0,0
Ricardo O'Farrill: Abrazo Genial,0,0,0
Norm of the North: King Sized Adventure,1442504,0,1442504
Internet Famous,0,0,0
Si Doel the Movie,0,0,0
Vitti Dandu,0,0,0
Casino Tycoon,0,0,0
The Bund,0,0,0
Qila,0,0,0
The Legend of Michael Mishra,0,0,0
The Wishing Tree,0,0,0
Teach Us All,0,0,0
Caída del Cielo,0,0,0
Mike Epps: Don't Take It Personal,0,0,0
I Am Maris: Portrait of a Young Yogi,0,0,0
Dany de Boon - Des Hauts-De-France,0,0,0
American Factory: A Short Conversation with the Obamas,0,0,0
III Smoking Barrels,0,0,0
Look for a Star,0,0,0
How to Win the US Presidency,0,0,0
"El Especial de Alex Fernández, el Especial",0,0,0
Azali,0,0,0
Next Enti?,0,0,0
Super Monsters and the Wish Star,0,0,0
Boi,0,0,0
The Intent 2: The Come Up,0,0,0
Katti Batti,4079135,0,4079135
"Hoshino Gen Dome Tour ""POP VIRUS"" at Tokyo Dome",0,0,0
Haunting on Fraternity Row,0,0,0
Pac’s Scary Halloween,0,0,0
Saadey CM Saab,0,0,0
"Pop, Lock 'n Roll",0,0,0
My Ex-Ex,0,0,0
Si saben cómo me pongo ¿pa' qué me invitan?,0,0,0
Oh My Ghost 2,0,0,0
Ujala,0,0,0
Rise: Ini Kalilah,0,0,0
Elles étaient en guerre (1914 - 1918),0,0,0
Still,0,0,0
Super Monsters Back to School,0,0,0
Regatta,0,0,0
Moms at War,0,0,0
Casino Tycoon II,0,0,0
Who are you?,0,0,0
Ayotzinapa: The Turtle's Pace,0,0,0
First Impression,0,0,0
Yes or No 2.5,0,0,0
Solo el amor,0,0,0
Kavin Jay: Everybody Calm Down!,0,0,0
True: Wuzzle Wegg Day,0,0,0
Mundeyan Ton Bachke Rahin,0,0,0
Luccas Neto in: The End of Christmas,0,0,0
The House on Coco Road,0,0,0
Because We're Heading Out,0,0,0
Deadly Switch,0,0,0
Ricardo O'Farrill: Abrazo Navideño,0,0,0
I Dream of Dance,0,0,0
Mayurakshi,0,0,0
September,0,0,0
The Blind Christ,0,0,0
Husbands in Goa,1550000,500000,1050000
No One Will Ever Know,0,0,0
Super Monsters: Vida's First Halloween,0,0,0
Black Rose,855450,7000000,-6144550
Ricardo Quevedo: Hay gente así,0,0,0
Pacíficum,0,0,0
"My Teacher, My Obsession",0,0,0
The Young Vagabond,0,0,0
Expedition China,0,0,0
Sommore: The Reign Continues,0,0,0
LeapFrog: Numberland,0,0,0
Family Blood,0,0,0
Doubles Cause Troubles,0,0,0
Bogda,0,0,0
25 Kille,0,0,0
Hungerford,0,40000,-40000
Romina,0,0,0
Garuda Di Dadaku 2,0,0,0
Bangkok Hell: Nor Chor - The Prisoners,0,0,0
Yoko and His Friends,0,0,0
Breaking Free,0,0,0
Pretville,0,0,0
Justice,657924295,300000000,357924295
Ek Jaan Hain Hum,0,0,0
Jeremy Scott: The People's Designer,0,0,0
Red Oleanders Raktokarobi,0,0,0
My Friend Pinto,0,0,0
Backfire,0,100000,-100000
You Can Tutu,0,0,0
Lucha: Playing the Impossible,0,0,0
True: Winter Wishes,0,0,0
"My Schoolmate, the Barbarian",0,0,0
Bill Hicks: Reflections,0,0,0
Splatter,0,0,0
Mau Nieto: Viviendo sobrio...desde el bar,0,0,0
Tellur Aliens,0,0,0
The Midas Touch,0,0,0
Saverio Raimondo: Il Satiro Parlante,0,0,0
Set Off,928850,0,928850
Paathi: The Half,0,0,0
Loco Love,0,0,0
Tuna Girl,0,0,0
Maroon,0,0,0
Being Napoleon,0,0,0
The Holy Man III,0,0,0
Arsenio Hall: Smart and Classy,0,0,0
Lechmi,0,0,0
Theeram,0,0,0
Cultivating the Seas: History and Future of the Full-Cycle Cultured Kindai Tuna,0,0,0
Saudi Arabia Uncovered,0,0,0
Twinsanity,0,0,0
Jefe,0,0,0
Sister Code,0,0,0
Park Na-rae: Glamour Warning,0,0,0
Lilli,0,0,0
Salaam Kashmier,0,0,0
L-O-V-E.,0,0,0
Alan Saldaña: Mi vida de pobre,0,0,0
Sam Kinison: Live in Vegas,0,0,0
True: Tricky Treat Day,0,0,0
LoveJacked,0,0,0
A Yellow Bird,0,0,0
Miniforce: New Heroes Rise,0,0,0
1920 London,0,0,0
Beat Bugs: All Together Now,0,0,0
Pareeth Pandari,0,0,0
Tees Maar Khan,0,0,0
Fernando Sanjiao: Hombre,0,0,0
"Out of Many, One",0,0,0
Harith Iskander: I Told You So,0,0,0
Merry Men: The Real Yoruba Demons,0,0,0
Two Catalonias,0,0,0
Mokalik (Mechanic),0,0,0
Counterfeiting in Suburbia,0,0,0
Countdown to Death: Pablo Escobar,0,0,0
Fishtronaut: The Movie,0,0,0
She Did That,0,0,0
Mumbai's King,0,0,0
Black & Privileged: Volume 1,0,12000000,-12000000
KL Zombie,0,0,0
Dark Chocolate,0,0,0
Shark Busters,0,0,0
Kaake Da Viyah,0,0,0
Fishtail,0,0,0
C Kkompany,0,31000,-31000
The Walls of The Moon,0,0,0
Deewana Main Deewana,0,0,0
Garbage,0,0,0
Felipe Neto: My Life Makes No Sense,0,0,0
The Birth Reborn 3,0,0,0
Follow Me,0,0,0
Chicken Kokkachi,0,0,0
Sat Sri Akal,0,0,0
"¡Ay, mi madre!",0,0,0
White Island,0,0,0
Jugaad,0,0,0
The Perfect Day,0,0,0
Samarppanam,0,0,0
Don't Go Breaking My Heart 2,0,0,0
Mater,0,0,0
Mugamoodi,0,0,0
Pup Star: World Tour,0,0,0
Hot Gimmick: Girl Meets Boy,0,0,0
We Are Legends,0,0,0
A Sort of Homecoming,0,0,0
Adhugo,0,0,0
Bitter / Sweet,0,0,0
Zoé Panoramas,0,0,0
Puppy Star Christmas,0,0,0
Motor Mitraan Di,0,0,0
A Truthful Mother,0,0,0
Lal Pathar,0,0,0
Benji's Very Own Christmas Story,0,0,0
Bridget Christie: Stand Up For Her,0,0,0
Abdu Mouta,3197992,0,3197992
Pocoyo and the Space Circus,0,0,0
48 Christmas Wishes,0,0,0
Horror Story,0,0,0
Ek Khiladi Ek Haseena,0,0,0
Jani Dueñas: Grandes fracasos de ayer y hoy,0,0,0
2015 Dream Concert,0,0,0
Roberto Saviano: Writing Under Police Protection,0,0,0
Amar Akbar & Tony,0,0,0
Breaking the Bank,0,0,0
Todd Glass: Act Happy,0,0,0
Grillo vs Grillo,0,0,0
Yaara O Dildaara,0,0,0
To Noora with Love,0,0,0
The Secrets of Emily Blair,0,0,0
The Tayo Movie: Mission Ace,0,0,0
Yoo Byung Jae: Too Much Information,0,0,0
When Love Happens,0,0,0
Dismissal,0,0,0
Pimpal,0,0,0
Sebastián Marcelo Wainraich,0,0,0
Mighty Raju Rio Calling,0,0,0
Mariah Carey's Merriest Christmas,0,0,0
Black Site Delta,0,0,0
To and From New York,0,0,0
A Scandall,0,0,0
Shopkins World Vacation,0,0,0
The War Against Women,0,283534,-283534
Rich Kids,0,0,0
14 Minutes from Earth,0,0,0
Edge of Fear,0,0,0
Soul Thieves,0,0,0
Chal Bhaag,0,0,0
Sei,0,0,0
Weapon of Choice,0,0,0
Ugly Aur Pagli,1000000,0,1000000
Incoming,0,0,0
Antidote,0,0,0
La Leyenda del Diamante,0,0,0
Farce,0,0,0
Daniel Sosa: Sosafado,0,0,0
Ragini MMS 2,0,0,0
Santa Claws,0,0,0
The beauty of Rouh,0,0,0
Machhli Jal Ki Rani Hai,0,0,0
Sur,0,0,0
Life of An Outcast,0,0,0
What the Jatt!!,0,0,0
Brother's Shadow,0,0,0
Mythily Veendum Varunnu...,0,0,0
Oru Visheshapetta BiriyaniKissa,0,0,0
Rodney Carrington: Here Comes The Truth,0,0,0
Hakkunde,0,0,0
Die Ontwaking,15462,0,15462
P Se PM Tak,0,0,0
Why Knot,0,0,0
Rembat,0,0,0
Coco y Raulito: Carrusel de ternura,0,0,0
هجولة 2: المهمة الغامضة,0,300000,-300000
Bollywood Calling,0,0,0
Tatu,0,0,0
Rumble,0,0,0
Nasha,1000000,0,1000000
Krutant,0,0,0
Gina Yashere: Skinny B*tch,0,0,0
The Young Tiger,0,0,0
Dieter Nuhr: Nuhr in Berlin,0,0,0
Alejandro Riaño: Especial de stand up,0,0,0
Mantostaan,0,0,0
Jaal: The Trap,0,0,0
"All's Well, Ends Well 2009",0,0,0
Loving You,0,0,0
Ma Chu Ka,0,0,0
My Dog is My Guide,0,0,0
Mercy,28641776,0,28641776
Shopkins Chef Club,0,0,0
Shantet Hamza,0,0,0
Ralphie May: Imperfectly Yours,0,0,0
Waterschool,0,0,0
Silencer,0,0,0
Loving is Losing,0,0,0
Once In A Lifetime Sessions with TLC,0,0,0
Gina Yashere: Laughing To America,0,0,0
Pooja Kiven Aa,0,0,0
Mujrim,0,0,0
Attitude Test,0,0,0
"Hello, Privilege. It's Me, Chelsea",0,0,0
Imperfect,0,0,0
Dil Vil Pyar Vyar,0,0,0
Pocoyo's Halloween,0,0,0
Virunga: Gorillas in Peril,0,0,0
Paisa Paisa,0,0,0
History of Joy,0,0,0
Tamanchey,0,0,0
Luckee,0,0,0
Salem Abu Ukhtuh,100000,800000,-700000
Viswasapoorvam Mansoor,65000,0,65000
How to Stage a Coup,0,0,0
MindGamers,0,22800000,-22800000
The Price of Success,0,0,0
Yoo Byung Jae: Discomfort Zone,0,0,0
Frat Star,0,0,0
Settai,0,0,0
True: Grabbleapple Harvest,0,0,0
Teshan,0,0,0
Si Doel the Movie 2,0,0,0
Grass,0,0,0
Uncle Naji in UAE,0,0,0
Chief Daddy,0,0,0
Undercover Brother 2,0,0,0
Imago,0,0,0
Larceny,0,0,0
Train of the Dead,0,0,0
Pierre Jackson,0,0,0
The Reservoir Game,0,0,0
Chocolate City: Vegas Strip,0,0,0
Papa the Great,0,0,0
Liss Pereira: Renteniendo Liquidos,0,0,0
Francesco De Carlo: Cose di Questo Mondo,0,0,0
Professor Mack,0,0,0
Fabrizio Copano: Solo pienso en mi,0,0,0
The Holy Man 2,0,0,0
Best Neighbors,0,0,0
Hajwala,0,0,0
Marvel & ESPN Films Present: 1 of 1: Genesis,0,0,0
Mr. Virgin,0,0,0
Joker,0,0,0
Drink Drank Drunk,0,0,0
Oh Darling! Yeh Hai India!,0,0,0
Bathinda Express,0,0,0
The First Line,0,0,0
Santo cachón,0,0,0
Reaction,218537,0,218537
Winter of Our Dreams,0,0,0
Feo pero Sabroso,120645,0,120645
Marco Luque - We are together,0,0,0
Khoon Khoon,0,0,0
Salaakhen,0,0,0
Pup Star: Better 2Gether,0,0,0
Bandie,0,0,0
Chandani: The Daughter of the Elephant Whisperer,0,0,0
Voulez-vous rire avec moi ce soir?,0,0,0
Yabani Asly,0,0,0
Silence Is Welcome,0,0,0
Deviant Love,0,0,0
Agyaat,0,0,0
Menorca,0,0,0
John Henry,0,0,0
Mandobasar Galpo,0,0,0
Darra,0,0,0
Arango y Sanint: Ríase el show,0,0,0
Bobby the Hedgehog,0,0,0
Tezz,3800000,7500000,-3700000
Chadi Jawani Budhe Nu,0,0,0
Anthony Kaun Hai?,0,0,0
The Republic Of Imbaba,0,0,0
Tum Milo Toh Sahi,0,0,0
Mahjong Heroes,0,0,0
Trapped in Tradition: Rivaaz,0,0,0
Mantra,0,0,0
Mexicanos de bronce,0,0,0
Bhoopadathil Illatha Oridam,0,0,0
Contract,5549200,25000000,-19450800
Recall,1319566,5000000,-3680434
Simplemente Manu NNa,0,0,0
After Maria,0,0,0
Daffedar,0,0,0
Hisss,0,10000000,-10000000
Coffee with D,0,0,0
The Land of Cards,0,0,0
A Russell Peters Christmas Special,0,0,0
Love Dot Com: The Social Experiment,0,0,0
The Women Who Kill Lions,0,0,0
Cappuccino,0,0,0
Kajraare,0,0,0
The Bait,0,0,0
Chingo Bling: They Can't Deport Us All,0,0,0
The Ghost and the Tout,0,0,0
May You Prosper,0,0,0
Fakkah Fuzz: Almost Banned,0,0,0
In Paradox,0,0,0
Himmatwala,6800000,9500000,-2700000
"Sí, Mi Amor",5000,5000,0
Mission Istaanbul,4500000,0,4500000
Kaviyude Osyathu,0,0,0
Aerials,1124,0,1124
Karzzzz,0,0,0
"It's Okay, Buddy",0,0,0
Behind 'The Cove',0,0,0
"Edmilson Filho: Notas, Comedy about Relationships",0,0,0
Hattrick,0,0,0
Har Kisse Ke Hisse Kaamyaab,0,0,0
I Am Jonas,0,0,0
Light in the Dark,0,0,0
Patton Oswalt: I Love Everything,0,0,0
EMI,0,0,0
Sylvanian Families: Everyone's Big Dream Flying in the Sky,0,0,0
Digs & Discoveries: All Track's Lead to Rome,0,0,0
Thomas & Friends: Marvelous Machinery: A New Arrival,19748009,19000000,748009
Sometimes it rains,0,0,0
Alakada Reloaded,0,0,0
Digs & Discoveries: Mines of Mystery,0,0,0
Thomas & Friends: Marvelous Machinery: World of Tomorrow,19748009,19000000,748009
30 Days of Luxury,0,0,0
The Guardian Brothers,0,10000000,-10000000
Homeland,0,0,0
Sylvanian Families: The Treasure of Sylvania Village,0,0,0
Kaaliyan,0,0,0
Alarmoty in the Land of Fire,0,0,0
Jackie: A Tale of Two Sisters,0,0,0
Power Rangers Super Samurai: Trickster Treat,0,0,0
Cop Watchers,0,0,0
LEGO House - Home of the Brick,0,0,0
The Bulbul's Nest,0,0,0
Pocoyo Special Sports,0,0,0
The Mitfords: A Tale of Two Sisters,0,0,0
A Mission in an Old Movie,0,0,0
My Wife and My Wifey,0,0,0
Lorai: Play to Live,0,0,0
Mission: Destroy Love,0,0,0
Oh My Ghost 4,100000,1000000,-900000
Sohni Mahiwal,0,0,0
Twice,0,0,0
​Maj Rati ​​Keteki,0,0,0
Paradise Lost,0,0,0
The Consul's Son,2821760,0,2821760
Velvet Colección: Grand Finale,0,0,0
Among Family,0,0,0
The Jungle School,0,0,0
Because of Soccer,0,0,0
Joaquín Reyes: Una y no más,0,0,0
Pocoyo & Cars,0,0,0
Los Niños Héroes de Chapultepec,0,0,0
O amor no divã,0,161690,-161690
Paulettante Veedu,0,0,0
VS.,0,0,0
Kacche Dhaagey,0,0,0
Kuppivala,0,0,0
Oddbods: Party Monsters,0,0,0
Elles étaient en guerre 1939-1945,0,0,0
Shikari,0,0,0
The Dark Knight,1004558444,185000000,819558444
GoodFellas,46836394,25000000,21836394
Parasite,257591776,11363000,246228776
Good Will Hunting,225933435,10000000,215933435
The Green Mile,286801374,60000000,226801374
Batman Begins,374218673,150000000,224218673
Grave of the Fireflies,0,3700000,-3700000
Kill Bill: Vol. 1,180899045,30000000,150899045
Zombieland,102391540,23600000,78791540
A Quiet Place,340677200,17000000,323677200
Kill Bill: Vol. 2,152159461,30000000,122159461
Let the Right One In,10785801,4000000,6785801
True Grit,252276927,38000000,214276927
Akira,0,10000000,-10000000
50/50,39187783,8000000,31187783
Hunt for the Wilderpeople,23200000,2500000,20700000
The Graduate,104945305,3000000,101945305
Portrait of a Lady on Fire,9729987,0,9729987
Misery,61276872,20000000,41276872
The Conjuring,319494638,13000000,306494638
Free Solo,21790193,0,21790193
Captain Fantastic,5879736,5000000,879736
"I, Tonya",53939297,11000000,42939297
Blazing Saddles,119601481,2600000,117001481
Shoplifters,0,0,0
Up in the Air,163670000,25000000,138670000
The Cabin in the Woods,71041255,30000000,41041255
How to Train Your Dragon: The Hidden World,517526875,129000000,388526875
Escape from Alcatraz,43000000,8000000,35000000
Star Trek II: The Wrath of Khan,96800000,12000000,84800000
Apollo 11,0,0,0
Booksmart,24849029,6000000,18849029
Super 8,260095986,50000000,210095986
Mission: Impossible - Fallout,791017452,178000000,613017452
Coherence,102617,0,102617
Annihilation,43070915,40000000,3070915
Heathers,1108462,3000000,-1891538
The Descent,57051053,3500000,53551053
The Guilty,0,0,0
Fighting with My Family,39055536,11000000,28055536
Bumblebee,467989645,135000000,332989645
Rango,245724603,135000000,110724603
Instant Family,14700000,48000000,-33300000
13 Assassins,17555141,6000000,11555141
The Host,88489643,11000000,77489643
Volver,85582407,12899867,72682540
We Need to Talk About Kevin,10765283,7000000,3765283
Let Me In,24145613,20000000,4145613
Three Identical Strangers,1041955,0,1041955
A Simple Favor,97644617,20000000,77644617
Creed II,214215889,50000000,164215889
Loving Vincent,42187665,5500000,36687665
Megamind,321885765,130000000,191885765
Honeyland,1133735,0,1133735
The Full Monty,257850122,3500000,254350122
Abominable,179057149,75000000,104057149
The Chaser,0,120456666,-120456666
Hotel Mumbai,16872691,0,16872691
Nobody Knows,0,0,0
Ninja Scroll,0,10000000,-10000000
Chicken Run,224834564,45000000,179834564
Swingers,4505922,200000,4305922
"Food, Inc.",0,0,0
Embrace of the Serpent,1320005,1400000,-79995
Melancholia,15946321,7400000,8546321
Minding the Gap,0,0,0
The Second Mother,0,0,0
Notes on a Scandal,49469904,15000000,34469904
Star Trek VI: The Undiscovered Country,96900000,27000000,69900000
Love & Mercy,4439431,0,4439431
A Taxi Driver,81927980,12820005,69107975
The Prince of Egypt,218613188,70000000,148613188
Tickled,923000,0,923000
Sorry to Bother You,0,0,0
The Way Back,20348249,30000000,-9651751
Detroit,23355100,34000000,-10644900
Risky Business,63541777,6200000,57341777
The Biggest Little Farm,5070484,0,5070484
Lucky,48453605,29000000,19453605
Border,0,0,0
Natural Born Killers,50282766,34000000,16282766
If Beale Street Could Talk,20572691,12000000,8572691
Horton Hears a Who!,297138014,85000000,212138014
Romancing the Stone,86572238,10000000,76572238
The Beatles: Eight Days a Week - The Touring Years,12283800,0,12283800
Phone Booth,97837138,13000000,84837138
Gods and Monsters,6451628,10000000,-3548372
Force Majeure,4094339,0,4094339
Turtles Can Fly,0,0,0
Thelma,1471656,5741614,-4269958
The Sisters Brothers,13143056,38000000,-24856944
Tangerine,924793,100000,824793
Monos,0,0,0
The Nightingale,855756,0,855756
BPM (Beats per Minute),7632420,6600000,1032420
Bend It Like Beckham,76578641,3500159,73078482
Hud,10000000,2500000,7500000
Vice,76073488,60000000,16073488
The Book of Eli,157107755,80000000,77107755
The 12th Man,0,7806306,-7806306
The Messenger,1595417,6500000,-4904583
Cartel Land,0,0,0
Professor Marston and the Wonder Women,1584759,0,1584759
A Brilliant Young Mind,0,0,0
Antz,171757863,60000000,111757863
The Next Three Days,51148651,30000000,21148651
Megan Leavey,13406883,0,13406883
Jesus Camp,1013596,0,1013596
RBG,2002767,0,2002767
Wild Rose,0,0,0
Kinsey,0,0,0
Demolition Man,159055768,57000000,102055768
Spirit: Stallion of the Cimarron,122563539,80000000,42563539
"The Good, The Bad, The Weird",0,10000000,-10000000
"Waiting for ""Superman""",0,0,0
The Skeleton Twins,5284309,0,5284309
I Can Only Imagine,86026201,7000000,79026201
Woman at War,0,0,0
Johnny Guitar,0,0,0
Jane,1723379,0,1723379
Monster House,140175006,75000000,65175006
Hail Satan?,0,0,0
Ingrid Goes West,24931915,0,24931915
Dogman,5080147,0,5080147
Anthropoid,4600000,9000000,-4400000
Missing Link,26249469,100000000,-73750531
Star Trek III: The Search for Spock,87000000,18000000,69000000
Cashback,2294291,0,2294291
"Juliet, Naked",0,0,0
The Absent One,0,5848257,-5848257
Big Time Adolescence,0,0,0
Get Smart,230685453,80000000,150685453
"Life, Animated",0,0,0
Sands of Iwo Jima,7800000,1000000,6800000
Killer Joe,3665069,10000000,-6334931
Sword Art Online: The Movie - Ordinal Scale,20725409,0,20725409
The Wave,0,0,0
Colossal,3029287,0,3029287
Luce,2268204,0,2268204
Oculus,44459951,5000000,39459951
Standing in the Shadows of Motown,0,0,0
Borg vs McEnroe,16657800,7500000,9157800
Denial,4073489,10000000,-5926511
Best of Enemies,0,1000000,-1000000
Prospect,0,0,0
Arbitrage,35485056,12000000,23485056
Plus One,0,0,0
Active Measures,0,0,0
Amazing Grace,0,0,0
The Art of Self-Defense,2414269,0,2414269
The Clovehitch Killer,0,0,0
Rare Exports: A Christmas Tale,0,0,0
Venus in Fur,342183,0,342183
Jackass 3D,117224271,20000000,97224271
I Kill Giants,0,15100000,-15100000
The Queen of Versailles,714544,0,714544
2 Days in Paris,19776159,0,19776159
The Wrecking Crew,0,0,0
The Villainess,8737458,125000,8612458
Europa Report,0,125687,-125687
The Cooler,0,32000000,-32000000
In the Fade,321011,0,321011
The Road to El Dorado,76432727,95000000,-18567273
Christine,0,0,0
Hearts Beat Loud,2115765,2000000,115765
Whitney,1251945,0,1251945
Angel of Mine,230193,0,230193
Hounds of Love,0,0,0
Pawn Sacrifice,5578519,19000000,-13421481
Transformers: Dark of the Moon,1123794079,195000000,928794079
Ben Is Back,0,13000000,-13000000
Wayne's World 2,47965000,0,47965000
No Strings Attached,149228077,25000000,124228077
Along with the Gods: The Two Worlds,125983972,18300000,107683972
Young & Beautiful,9494789,33000000,-23505211
The Pirates! In an Adventure with Scientists!,118338361,60000000,58338361
Lo and Behold: Reveries of the Connected World,0,0,0
Operation Finale,17506878,24000000,-6493122
78/52,0,0,0
Gloria,2107925,0,2107925
Princess Cyd,0,0,0
The Domestics,0,0,0
Andy Irons: Kissed by God,0,0,0
Joe Strummer: The Future Is Unwritten,0,0,0
The Commuter,119942387,30000000,89942387
Dirty Wars,0,0,0
Soul Food,0,0,0
Sidewalls,0,11000000,-11000000
Miss Stevens,4611,0,4611
Footloose,63543328,24000000,39543328
Charlotte's Web,5232000,0,5232000
Shirley Valentine,0,0,0
Drinking Buddies,343341,0,343341
The Keeper of Lost Causes,13656380,5649897,8006483
Sea of Shadows,0,0,0
Oh Lucy!,0,0,0
The Spy Who Dumped Me,33562069,40000000,-6437931
Skate Kitchen,0,0,0
Experimenter,0,0,0
What They Had,0,0,0
Burn,163720069,37000000,126720069
Margarita with a Straw,1000000,900000,100000
Odd Thomas,0,27000000,-27000000
Every Day,6102076,4900000,1202076
Nothing Like a Dame,0,0,0
Brian Banks,4,10,-6
It's a Disaster,0,0,0
The Little Death,0,0,0
Becoming Bond,0,0,0
After the Screaming Stops,0,0,0
Slums of Beverly Hills,5502773,5000000,502773
Lords of Chaos,0,0,0
The Frozen Ground,5496951,27220000,-21723049
Paranoid Park,486021,0,486021
The Hunchback of Notre Dame,0,0,0
Support the Girls,129124,0,129124
The China Hustle,0,0,0
Paranormal Activity 3,205703818,5000000,200703818
Death Wish,34017028,30000000,4017028
Cold Case Hammarskjöld,0,0,0
Anna and the Apocalypse,0,0,0
Somm,0,0,0
"Love, Gilda",0,0,0
Star Trek: Insurrection,118000000,70000000,48000000
Bad Company,0,0,0
Dior and I,0,0,0
"Where'd You Go, Bernadette",0,20000000,-20000000
Gorky Park,15856028,6,15856022
Beach Rats,486,0,486
Manderlay,674918,14200000,-13525082
High Strung,53447,0,53447
The Last Days,24084,0,24084
Free Willy,153698625,20000000,133698625
First Girl I Loved,0,0,0
Man on a Ledge,46221189,42000000,4221189
Barking Dogs Never Bite,0,0,0
Destroyer,0,9000000,-9000000
Meek's Cutoff,876302,0,876302
No One Knows About Persian Cats,0,0,0
Villains,0,0,0
The Limehouse Golem,2225698,0,2225698
Walking Tall,0,0,0
Tragedy Girls,0,0,0
Pet Sematary,57469467,11500000,45969467
The Overnight,1100000,0,1100000
Star Trek: The Motion Picture,139000000,35000000,104000000
Crime + Punishment,0,0,0
Vincere,0,0,0
Southbound,23665,0,23665
The Quake,0,6300000,-6300000
American Ultra,27139524,28000000,-860476
Hellbound: Hellraiser II,12090735,3000000,9090735
The Hero,4077333,0,4077333
Tom of Finland,0,4200000,-4200000
Fyre Fraud,0,0,0
David Crosby: Remember My Name,0,0,0
Gilbert,0,0,0
Framing John DeLorean,0,0,0
Marrowbone,11165901,8000000,3165901
Kusama : Infinity,0,0,0
Please Stand By,0,0,0
Those People,0,0,0
The Time That Remains,753808,6500000,-5746192
The Mexican,147845033,57000000,90845033
Paranormal Activity 2,177512032,3000000,174512032
Red Dog: True Blue,0,0,0
Assassination Nation,0,0,0
Friends with Kids,12186625,0,12186625
Diana Vreeland: The Eye Has to Travel,0,0,0
I Remember You,0,2408070,-2408070
Forever My Girl,16367326,3500000,12867326
The Furies,0,0,0
Meeting Gorbachev,156117,0,156117
Welcome to the Rileys,317382,0,317382
Hector and the Search for Happiness,1124445,0,1124445
Bad Reputation,0,0,0
Waiting to Exhale,81452156,16000000,65452156
Pyewacket,0,0,0
The Swan Princess,9771658,20000000,-10228342
Grabbers,0,0,0
Aniara,0,0,0
The Housemaid,0,4000000,-4000000
Little Woods,0,0,0
"Elvira, Mistress of the Dark",5596267,0,5596267
In Search of Greatness,0,0,0
Food Evolution,0,0,0
Sinbad: Legend of the Seven Seas,80767884,60000000,20767884
The Den,0,0,0
Wolf Warrior 2,870322670,29700000,840622670
Dumb: The Story of Big Brother Magazine,0,0,0
Goodbye First Love,0,4500000,-4500000
The 33,24902723,25000000,-97277
Mike Wallace Is Here,0,0,0
March of the Penguins 2,0,0,0
Teen Spirit,0,0,0
Seymour: An Introduction,0,0,0
The Man Who Killed Hitler and Then the Bigfoot,3822,0,3822
The Childhood of a Leader,0,3000000,-3000000
The Standoff at Sparrow Creek,0,450000,-450000
A Very Sordid Wedding,0,0,0
Toni Morrison: The Pieces I Am,0,0,0
Dina,0,0,0
Dog Days,0,0,0
Monsters and Men,0,0,0
The Canal,0,0,0
Leap Year,29922472,19000000,10922472
Raise Hell: The Life & Times of Molly Ivins,0,0,0
Under the Tree,0,2054738,-2054738
The League of Extraordinary Gentlemen,179265204,78000000,101265204
Hello I Must Be Going,0,0,0
Two Trains Runnin',0,0,0
The Jewel of the Nile,96773200,25000000,71773200
Middle Men,0,22000000,-22000000
Before I Go to Sleep,15447154,22000000,-6552846
Eating Animals,0,0,0
Mom and Dad,169209,0,169209
Touched with Fire,0,0,0
Cunningham,0,0,0
Starfish,0,0,0
The Yellow Handkerchief,317000,15000000,-14683000
The First Monday in May,0,0,0
The Miracle Season,10230620,0,10230620
Burden,0,0,0
Downsizing,55003890,68000000,-12996110
Lowlife,0,0,0
The Blue Room,0,0,0
The Chumscrubber,0,0,0
Pledge,0,0,0
Universal Soldier,0,23000000,-23000000
Non-Fiction,0,0,0
Larger than Life: The Kevyn Aucoin Story,0,0,0
The Bookshop,0,3582070,-3582070
Baskın,318155,350000,-31845
A Life Less Ordinary,0,12000000,-12000000
Girls Just Want to Have Fun,0,0,0
The Ant Bully,55181129,50000000,5181129
Overboard,91244913,12000000,79244913
Henry Gamble's Birthday Party,0,0,0
"Nico, 1988",0,0,0
Diane,0,0,0
Joshy,0,0,0
Leaving,49800000,3600000,46200000
Finding Your Feet,15500000,7154497,8345503
The Princess of Montpensier,6775121,14734000,-7958879
Citizen Jane: Battle for the City,0,0,0
High-Rise,346472,0,346472
Unlocked,0,0,0
Far From The Tree,0,0,0
Freak Show,0,0,0
C.S.A.: The Confederate States of America,0,0,0
AWOL,0,0,0
Haze,0,0,0
Maze,348319861,34000000,314319861
Legion of Brothers,0,0,0
Mister America,0,0,0
The Archer,0,0,0
Tank Girl,4064495,25000000,-20935505
Little Joe,0,0,0
Scotch: A Golden Dream,0,0,0
The Prodigy,21150265,6000000,15150265
Divide and Conquer: The Story of Roger Ailes,0,0,0
This Is Not Berlin,0,0,0
The Last Word,1783421,0,1783421
The Hustle,32677774,0,32677774
The Unicorn,0,0,0
Whose Streets?,0,0,0
Vox Lux,1330828,0,1330828
Take Every Wave: The Life of Laird Hamilton,0,0,0
Leaning Into the Wind: Andy Goldsworthy,0,0,0
The Amazing Johnathan Documentary,0,0,0
Unmade Beds,0,0,0
Case 39,29000000,27000000,2000000
The X Files: I Want to Believe,68369434,30000000,38369434
The Gospel According to André,0,0,0
A Good Old Fashioned Orgy,0,0,0
Children of the Corn,14000000,800000,13200000
The Osiris Child,0,0,0
Friday the 13th: The Final Chapter,32980880,2600000,30380880
Ballet 422,0,0,0
Shelley,0,0,0
The Escape,0,0,0
Where Hands Touch,0,0,0
The Myth of the American Sleepover,0,30000,-30000
Jawline,0,0,0
Anchor and Hope,0,0,0
Antiviral,0,2400000,-2400000
Flower,327231,0,327231
All Square,0,0,0
The Day Shall Come,0,0,0
Depraved,0,0,0
Wonder Park,119559110,100000000,19559110
Go Tigers!,0,0,0
Already Tomorrow in Hong Kong,0,0,0
We Are What We Are,0,0,0
Hungry Hearts,6921,0,6921
The Tall Man,0,18200000,-18200000
Scenic Route,0,0,0
Ms. Purple,0,0,0
What Men Want,69766483,20000000,49766483
A Crooked Somebody,0,0,0
The Kid,0,8000000,-8000000
Do I Sound Gay?,0,0,0
The Beach Bum,4554065,5000000,-445935
The Whistle Blower,0,0,0
Road Games,0,0,0
Let the Sunshine In,866714,0,866714
Wild Card,0,30000000,-30000000
Æon Flux,53321673,62000000,-8678327
Brick Mansions,68896829,28000000,40896829
Planet 51,104945765,70000000,34945765
Padre nuestro,0,54166,-54166
Run the Race,6424420,0,6424420
Ramen Heads,0,0,0
Beyond the Gates,0,300000,-300000
House of D,0,0,0
The Devil's Doorway,0,0,0
Changeland,0,0,0
The Year of Spectacular Men,0,0,0
In Paris,0,0,0
Trigun: Badlands Rumble,0,0,0
Digging for Fire,0,0,0
Before We Vanish,0,0,0
Here to be Heard: The Story of the Slits,0,0,0
The Lorax,0,0,0
Stella's Last Weekend,0,0,0
Kiki,0,0,0
Midnighters,0,0,0
The Brink,0,0,0
Damsel,0,0,0
Killing Them Safely,0,0,0
Conan the Barbarian,63523283,90000000,-26476717
Family Law,0,0,0
Cantinflas,0,0,0
Madea's Big Happy Family,53213633,25000000,28213633
What We Become,0,0,0
Free Birds,110000000,55000000,55000000
Righteous Kill,78460699,60000000,18460699
I Still See You,0,0,0
Men with Brooms,4245870,7500000,-3254130
The Girl King,0,0,0
Foxfire,258263,0,258263
WolfCop,0,761100,-761100
Star Trek V: The Final Frontier,70200000,30000000,40200000
Pilgrimage,0,0,0
UglyDolls,27530241,45000000,-17469759
Vita & Virginia,19646656,0,19646656
Dementia,0,0,0
Acrimony,34764055,20000000,14764055
Afro Samurai: Resurrection,0,0,0
Friday the 13th Part III,36690067,4000000,32690067
Fun in Acapulco,0,0,0
Mad to Be Normal,0,0,0
The Last Race,0,0,0
Undrafted,5777,0,5777
2:22,3945729,0,3945729
The Cleanse,0,0,0
Take My Nose... Please!,0,0,0
10x10,0,0,0
Harry Benson: Shoot First,0,0,0
The Reagan Show,0,0,0
"Race for Your Life, Charlie Brown",0,0,0
Fairy Tail the Movie: Phoenix Priestess,0,0,0
Tiny Toon Adventures: How I Spent My Vacation,0,350000,-350000
Proxy,0,0,0
Welcome to Mercy,0,0,0
Permanent,0,0,0
Terminal,0,0,0
Walking with the Enemy,0,0,0
Crash Pad,0,0,0
Abduction,82087155,35000000,47087155
The Big Wedding,21819348,35000000,-13180652
Spinning Man,0,8500000,-8500000
Golden Exits,0,10000000,-10000000
Madea's Witness Protection,66899242,20000000,46899242
Playing It Cool,1323415,0,1323415
Greener Grass,0,0,0
Errors of the Human Body,0,1500000,-1500000
Spaceship Earth,0,0,0
The Quiet One,0,0,0
The Pink Panther 2,75871032,0,75871032
Phoenix Forgotten,3600000,2800000,800000
The Duchess of Langeais,0,0,0
Texas Chainsaw 3D,0,10000000,-10000000
Boom for Real: The Late Teenage Years of Jean-Michel Basquiat,0,0,0
American Folk,0,0,0
Curvature,0,0,0
The Alchemist Cookbook,0,0,0
"I, Frankenstein",76801179,65000000,11801179
Love After Love,0,0,0
The Houses October Built,0,0,0
Free Willy 2: The Adventure Home,0,0,0
11 Minutes,0,2023012,-2023012
Running with the Devil,0,0,0
28 Hotel Rooms,0,0,0
Bolden,0,0,0
The Monkey King 3,0,73000000,-73000000
Getting Go: The Go Doc Project,0,0,0
Sherlock Gnomes,87625666,59000000,28625666
Batman & Bill,374218673,150000000,224218673
Cruise,0,0,0
Distorted,0,0,0
The Numbers Station,0,10000000,-10000000
In a Relationship,0,0,0
The Female Brain,0,0,0
Rags,0,0,0
The Gardener,0,0,0
100 Streets,0,0,0
Legendary,0,0,0
And So It Goes,25312387,18000000,7312387
Chef Flynn,0,0,0
6 Below: Miracle on the Mountain,0,0,0
Back in Time,0,190000,-190000
Tamara,206871,4750000,-4543129
Grace Jones: Bloodlight and Bami,0,0,0
Racer and the Jailbird,0,9229904,-9229904
Romeo & Juliet,1162635,0,1162635
Time Freak,0,0,0
Who Let the Dogs Out,0,0,0
The Cage Fighter,0,0,0
Hollow in the Land,0,0,0
Fun Size,11417362,14000000,-2582638
Black Gold,5446000,40000000,-34554000
Long Time Coming: A 1955 Baseball Story,0,0,0
A Kind of Murder,0,0,0
Barbie and the Three Musketeers,0,0,0
The Colony,0,16000000,-16000000
Free Willy 3: The Rescue,0,0,0
Black Cop,0,0,0
Vault,0,0,0
Primal,0,0,0
Dark Shadows: The Haunting of Collinwood,0,0,0
Nobody's Fool,29152618,19000000,10152618
Bare,0,0,0
Once Upon a Time in Venice,855888,0,855888
Passage to Mars,0,0,0
Mapplethorpe,0,0,0
Gintama,0,0,0
Dr. Feelgood,0,0,0
The Burden,0,0,0
The Tomorrow Man,0,0,0
Pokémon the Movie: Volcanion and the Mechanical Marvel,0,0,0
Half Magic,0,0,0
Frank Serpico,0,0,0
Bangkok Dangerous,42487390,45000000,-2512610
XX/XY,0,0,0
Girl Most Likely,0,0,0
ma ma,0,0,0
Havana Motor Club,0,0,0
Knives and Skin,0,0,0
Body at Brighton Rock,0,0,0
The Strange Ones,0,0,0
Legends of Oz: Dorothy's Return,18662027,70000000,-51337973
Naz & Maalik,0,0,0
The Snow Queen 3: Fire and Ice,0,0,0
Black Rock,0,0,0
Loro 1,0,0,0
Banking on Bitcoin,0,100000,-100000
The Cokeville Miracle,0,0,0
Trevor Noah: You Laugh But It's True,0,0,0
The Ramen Girl,179590,3200000,-3020410
Saint,1120000,385320,734680
The Boost,784990,8000000,-7215010
A Cinderella Christmas,0,0,0
Manglehorn,143101,4000000,-3856899
Matriarch,0,0,0
Neat: The Story of Bourbon,0,0,0
Sheep & Wolves,106209378,25000000,81209378
The Prince,0,18000000,-18000000
The Mountain,61035,0,61035
Dr. T & the Women,22844291,23000000,-155709
Assassination Tango,0,0,0
The Pagan King,0,2400000,-2400000
Sneakerheadz,0,0,0
Casa de los Babys,0,0,0
Trespassers,0,0,0
Tracktown,0,0,0
Serena,176391,0,176391
Barbie in A Mermaid Tale 2,15489307,0,15489307
Four Lovers,0,0,0
Barbie in 'A Christmas Carol',4496912,0,4496912
Stung,0,2500000,-2500000
Blind,12522,0,12522
Food Choices,0,0,0
Dismissed,0,0,0
Trick,0,0,0
The Confessions,0,0,0
Wakko's Wish,0,0,0
K: Missing Kings,0,0,0
Sprung,7553105,0,7553105
Most Likely to Murder,0,0,0
Liz in September,0,0,0
Astral,0,0,0
Barbie: The Pearl Princess,0,0,0
Raze,0,0,0
A Teacher,0,100000,-100000
Hannie Caulder,0,0,0
Daylight's End,0,2000000,-2000000
Passport to Paris,0,0,0
Coffin Rock,0,0,0
The Thousand Faces of Dunjia,0,0,0
Damascus Cover,0,0,0
Wrinkles the Clown,0,0,0
Gator,0,0,0
Get Big,0,0,0
The Dinner,2492001,0,2492001
Into the Ashes,0,0,0
A Madea Family Funeral,46115383,0,46115383
Barbie & Her Sisters in the Great Puppy Adventure,0,0,0
Swindle,0,0,0
Lemon,29258,0,29258
Breakup at a Wedding,0,0,0
Radioflash,0,0,0
Action Point,5059608,19000000,-13940392
Strategic Air Command,0,0,0
The Treasure,0,0,0
Tyrel,0,0,0
Some Kind of Hero,0,0,0
The Houses October Built 2,0,0,0
Repentance,1189612,5000000,-3810388
We Die Young,143837,0,143837
Middle of Nowhere,0,0,0
The Layover,0,0,0
Ismael's Ghosts,0,0,0
The Challenge,0,0,0
Ride,0,0,0
Billboard Dad,0,0,0
American Gun,0,0,0
Devil's Gate,0,0,0
Contracted: Phase II,0,0,0
Silent Tongue,0,0,0
Along Came the Devil,0,0,0
Status Update,0,0,0
Noma: My Perfect Storm,0,0,0
Furry Vengeance,36236710,35000000,1236710
Coastlines,0,0,0
Wounds,0,0,0
Crawlers,0,0,0
Missing 411,0,0,0
Affairs of State,0,0,0
A Score to Settle,0,0,0
Almost Human,0,0,0
Making Plans for Lena,0,0,0
The Sweet Life,0,0,0
White Night Wedding,0,0,0
It Came from the Desert,0,731000,-731000
Ballet Now,0,0,0
The Midnight Man,0,0,0
The Taste of Money,0,0,0
Getaway,10501938,18000000,-7498062
Mass Effect: Paragon Lost,0,0,0
Trapped: The Alex Cooper Story,0,0,0
All Around Us,0,0,0
Barbie Presents: Thumbelina,0,0,0
Madonna and the Breakfast Club,0,0,0
The Sound of Silence,0,0,0
Don't Go,0,0,0
Ozzy,0,10000000,-10000000
Tell Them Anything You Want: A Portrait of Maurice Sendak,0,0,0
Breaking the Girls,0,0,0
"Literally, Right Before Aaron",0,0,0
Inside,0,0,0
Pokémon the Movie: Diancie and the Cocoon of Destruction,0,24720400,-24720400
The Simone Biles Story: Courage to Soar,0,0,0
Pokémon the Movie: Hoopa and the Clash of Ages,0,150000000,-150000000
Curious George 2: Follow That Monkey!,0,0,0
I'll Come Running,0,0,0
Ron White: A Little Unprofessional,0,0,0
Out of the Dark,0,0,0
The Sender,0,0,0
Santa Hunters,0,0,0
Beers of Joy,0,0,0
Every Other Holiday,0,0,0
The Swan Princess: The Mystery of the Enchanted Kingdom,0,0,0
Blurt!,0,3000000,-3000000
Eyes of an Angel,0,0,0
Good Time Max,0,0,0
Switching Goals,0,0,0
F*&% the Prom,0,0,0
Higher Power,0,0,0
Curious George: A Very Monkey Christmas,0,0,0
Monogamy,0,1000000,-1000000
Barbie: A Perfect Christmas,0,0,0
Bernie the Dolphin,0,0,0
The Château,0,0,0
The Other Man,1143856,15000000,-13856144
Above and Beyond: NASA's Journey to Tomorrow,0,0,0
35 and Ticking,0,0,0
Naughty & Nice,0,0,0
Victoria Gotti: My Father's Daughter,0,0,0
Respectable: The Mary Millington Story,0,0,0
Death Bell,0,0,0
We Are Columbine,0,0,0
The Appeared,0,0,0
Dragon Age: Dawn of the Seeker,0,0,0
Addicted to Sexting,0,0,0
RoboGeisha,0,0,0
Big Voice,0,0,0
Nina,0,0,0
Josie,0,0,0
The Con Is On,0,13000000,-13000000
Feral,0,0,0
Second Chance Christmas,0,0,0
Eve's Christmas,0,0,0
A Guide to Second Date Sex,0,0,0
No Holds Barred,16093651,8000000,8093651
My Valentine,0,0,0
Killers Anonymous,0,0,0
Lewis Black: Old Yeller - Live at the Borgata,0,0,0
The Reunion,0,6000000,-6000000
The Intended,0,0,0
Roller Dreams,0,0,0
Midnight Kiss,0,0,0
Allure,0,0,0
Concrete Kids,0,0,0
Into the Dark: I'm Just F*cking With You,0,0,0
Gilbert Gottfried: Dirty Jokes,0,0,0
Catching Faith,0,0,0
Penumbra,0,0,0
Kill Order,0,0,0
Paper Covers Rock,0,0,0
Racetime,12000000,3000000,9000000
Margaret Atwood: A Word After a Word After a Word Is Power,0,0,0
The Disappointments Room,0,15000000,-15000000
Daphne & Velma,0,0,0
Albert,0,0,0
The Eternal,0,0,0
Faintheart,0,0,0
Slumber,0,0,0
Telescope,0,0,0
Tetsuo: The Bullet Man,0,0,0
Cover Versions,0,0,0
Warpath,0,0,0
"Good Morning, Killer",0,0,0
Rosy,0,0,0
Another Time,0,0,0
Beyond Paradise,0,0,0
Alive,0,0,0
Hide,122650962,30000000,92650962
Diary of a Hitman,31815,0,31815
Hellions,0,0,0
Funke,0,0,0
Backtrace,0,0,0
Where Do We Go from Here?,0,0,0
Narcopolis,0,1500000,-1500000
Angels in the Snow,0,0,0
Crooked Hearts,0,0,0
Sex Guaranteed,0,0,0
Deck the Halls,47231070,51000000,-3768930
Ghost Team,0,0,0
Crazy About Tiffany's,0,0,0
Curious George: Royal Monkey,0,0,0
A Fairytale Christmas,0,0,0
Inside Out,0,0,0
Person to Person,0,0,0
Savage Youth,0,0,0
Girlfriends of Christmas Past,0,0,0
My Santa,0,0,0
Robo-Dog: Airborne,40564,0,40564
More Barney songs,0,0,0
Let's Be Evil,0,0,0
Dark Shadows: The Vampire Curse,0,0,0
Rain,0,0,0
Urban Country,0,0,0
The Swan Princess: A Royal Family Tale,0,30000000,-30000000
Monkey Business: The Adventures of Curious George's Creators,0,0,0
I Am Alone,0,0,0
Julian Schnabel: A Private Portrait,0,0,0
Brown Girl Begins,0,0,0
Nothing Is Truer than Truth,0,0,0
Songbird,0,0,0
Robo-Dog,0,0,0
Unbanned: The Legend of AJ1,0,0,0
A Man Alone,0,0,0
D.L. Hughley: Reset,0,0,0
Hornet's Nest,0,0,0
All About E,0,0,0
The Dark Side of The Sun,0,0,0
This One's for the Ladies,0,0,0
Bad Roomies,0,0,0
Random Tropical Paradise,0,0,0
Delivered,0,0,0
Last Flight,5900000,10000000,-4100000
The Remains,0,0,0
Beneath the Darkness,23998,7300000,-7276002
The Box,0,0,0
In the Radiant City,0,0,0
Against the Wild II: Survive the Serengeti,0,107953,-107953
Bigfoot Girl,0,0,0
The Eagle and the Hawk,0,0,0
A Mermaid's Tale,0,0,0
Beyond the Comfort Zone - 13 Countries to K2,0,0,0
Kill Thy Neighbor,0,0,0
Back to Christmas,0,0,0
PawParazzi,0,0,0
A Cam Life,0,500000,-500000
Broken Star,0,0,0
Knights of the Damned,0,7974534,-7974534
Monsters at Large,0,0,0
Cannabis Evolution,0,0,0
Sharp Edges,0,0,0
Ricochet,0,0,0
The Quest of Alain Ducasse,0,0,0
Benjamin,0,0,0
A Fairly Odd Christmas,0,0,0
EuroTrump,0,0,0
Holly's Holiday,0,0,0
"A Fairly Odd Movie: Grow Up, Timmy Turner!",0,0,0
Fan Girl,0,0,0
The Man Who Used to Be Me,0,0,0
So This Is Christmas,0,0,0
Santee,0,0,0
His and Her Christmas,0,0,0
Air Strike,0,65000000,-65000000
The School,0,0,0
No Way Out,0,5000000,-5000000
Cherry Pop,0,0,0
Treasure Hounds,0,0,0
Amy Winehouse - A Last Goodbye,0,0,0
I Love You Both,0,0,0
24 Hour Love,0,0,0
Pony Express,0,0,0
Bob The Builder: Can We Fix It?,0,0,0
After Darkness,0,0,0
Barney's Night Before Christmas,0,0,0
The Unauthorized Saved by the Bell Story,0,0,0
10.0 Earthquake,0,0,0
Rodeo and Juliet,0,0,0
Hot Guys with Guns,0,0,0
Richard The Lionheart,0,0,0
Crimes of Fashion,0,0,0
A.R.C.H.I.E. 2: Mission Impawsible,0,0,0
The Armstrong Tapes,0,0,0
The Overbrook Brothers,0,0,0
"Michael Jackson: Life, Death and Legacy",0,0,0
Playin' for Love,0,0,0
Thomas & Friends: Songs from the Station,0,0,0
Step Dogs,0,0,0
Danny Roane: First Time Director,0,0,0
Against the Clock,0,0,0
Night of the Living Dead 3D,1449945,3000000,-1550055
The Row,0,0,0
Law of the Lawless,0,0,0
The Tall Stranger,0,0,0
Pegasus: Pony With a Broken Wing,0,0,0
Billy the Kid,0,0,0
LeapFrog Letter Factory Adventures: Amazing Word Explorers,0,0,0
Where We Go from Here,0,0,0
My Dad Is Scrooge,0,0,0
LeapFrog: Adventures in Shapeville Park,0,0,0
12 Dog Days Till Christmas,0,0,0
The Lonely Man,0,0,0
Cartels,37766,7000000,-6962234
Asmodexia,0,0,0
The Push,0,0,0
The Swan Princess Christmas,0,40000000,-40000000
The Coolest Guy Movie Ever: The Return to the Scene of The Great Escape,0,0,0
LeapFrog: The Magnificent Museum of Opposite Words,0,0,0
Dust 2 Glory,0,0,0
Gary Owen: I Agree With Myself,0,0,0
Leapfrog: Letter Factory Adventures - The Letter Machine Rescue Team,0,0,0
"Making a Killing: Guns, Greed and the NRA",0,0,0
Mutant Species,0,0,0
The Clintons: An American Odyssey,0,0,0
Boomtown,0,0,0
Pixi Saves Christmas,0,0,0
Night of the Living Dead: Resurrection,0,20,-20
Man-Eating Python,0,0,0
Christmas with the Andersons,0,0,0
Alien Contact,0,0,0
Christmas Crush,0,0,0
Comrades & Cash: How Money Found Its Way Through the Iron Curtain,0,0,0
Legend of Heroes: Trails in the Sky,0,0,0
The Avengers,1519557910,220000000,1299557910
It's a Wonderful Life,9644124,3180000,6464124
Downfall,92180910,18339750,73841160
Sunset Boulevard,5000000,1752000,3248000
Airplane!,83453539,3500000,79953539
Some Like It Hot,25000000,2883848,22116152
The Handmaiden,37767206,8575000,29192206
Rosemary's Baby,33395426,3200000,30195426
Amores Perros,20908467,2000000,18908467
Lady Bird,76858273,10000000,66858273
Roman Holiday,12000000,1500000,10500000
The Girl with the Dragon Tattoo,109421911,13000000,96421911
The Big Sick,56303596,5000000,51303596
Manchester by the Sea,78988148,9000000,69988148
The Man from Nowhere,43059790,1255000,41804790
Short Term 12,1600000,0,1600000
Thor,449326618,150000000,299326618
Captain America: The First Avenger,370569774,140000000,230569774
Night of the Living Dead,30000000,114000,29886000
The Machinist,8203235,5000000,3203235
The Conversation,4420000,1600000,2820000
Dear Zachary: A Letter to a Son About His Father,0,0,0
Diabolique,0,0,0
The Disaster Artist,29820616,10000000,19820616
Iron Man 2,623933331,200000000,423933331
Pi,3221152,60000,3161152
The Lighthouse,17964238,4000000,13964238
The Farewell,22110994,0,22110994
The Wailing,47098491,10951000,36147491
A Trip to the Moon,0,5985,-5985
The General,0,750000,-750000
Nosferatu,0,0,0
The Cabinet of Dr. Caligari,8811,18000,-9189
Charade,13474588,4000000,9474588
Apocalypto,120654337,40000000,80654337
Stop Making Sense,4978922,1200000,3778922
Eighth Grade,13539709,2000000,11539709
Hereditary,79336821,10000000,69336821
Temple Grandin,0,0,0
The Lincoln Lawyer,85412898,40000000,45412898
His Girl Friday,0,0,0
"Aguirre, the Wrath of God",0,92000,-92000
In the Heat of the Night,27379978,2000000,25379978
Stalag 17,0,1661530,-1661530
Logan Lucky,48453605,29000000,19453605
The Act of Killing,444575,1000000,-555425
Leave No Trace,0,0,0
Harold and Maude,0,1200000,-1200000
The Man Who Shot Liberty Valance,8000000,3200000,4800000
Escape from New York,50244700,6000000,44244700
Mississippi Burning,34604000,15000000,19604000
Inside Llewyn Davis,32935319,11000000,21935319
Paradise Lost: The Child Murders at Robin Hood Hills,0,0,0
The African Queen,46921,1000000,-953079
Pride,7523634,0,7523634
Chak De! India,40000000,6300000,33700000
Dead Man Walking,39363635,11000000,28363635
Grizzly Man,0,0,0
A Bittersweet Life,0,0,0
Tumbbad,0,0,0
A Man Called Ove,3371692,0,3371692
The Imposter,0,0,0
Capote,49084830,7000000,42084830
Midsommar,47862188,9000000,38862188
Deep Red,2864091,0,2864091
The Salesman,2216318,0,2216318
3-Iron,0,0,0
To Catch a Thief,8750000,2500000,6250000
Queen,17000000,1900000,15100000
Samsara,0,4000000,-4000000
The Discreet Charm of the Bourgeoisie,0,800000,-800000
The Hours,41597830,25000000,16597830
Seven Psychopaths,33035736,15000000,18035736
For Sama,0,0,0
Sweet Smell of Success,0,0,0
Bridget Jones's Diary,281929795,25000000,256929795
The Last Waltz,321952,0,321952
Lars and the Real Girl,11293663,12000000,-706337
The Look of Silence,332710,0,332710
Cold War,0,0,0
Bone Tomahawk,0,1800000,-1800000
Honey Boy,3400977,3500000,-99023
Veer-Zaara,29385320,7000000,22385320
The Virgin Suicides,10409377,6000000,4409377
Paterson,2152738,5000000,-2847262
Fiddler on the Roof,83304330,9000000,74304330
The Return of the Living Dead,14237880,4000000,10237880
The Long Goodbye,959000,1700000,-741000
Black Book,26768563,21000000,5768563
Legends of the Fall,160638883,30000000,130638883
Clue,14643997,15000000,-356003
mid90s,6897446,258158,6639288
My Name Is Nobody,0,0,0
Raazi,0,0,0
Highlander,5900000,16000000,-10100000
The Italian Job,0,3000000,-3000000
I Am Not Your Negro,7123919,1000000,6123919
The Ghost Writer,60331447,45000000,15331447
The Birdcage,185260553,31000000,154260553
Three Days of the Condor,27476252,0,27476252
My Man Godfrey,0,656000,-656000
Murder on the Orient Express,27634716,0,27634716
Indie Game: The Movie,0,0,0
The Boondock Saints,30471,6000000,-5969529
Miss Sloane,9101546,13000000,-3898454
Ernest & Celestine,8109160,12516654,-4407494
You Were Never Really Here,10891281,0,10891281
Moonstruck,80640528,0,80640528
An Honest Liar,0,0,0
Sholay,4800000,408000,4392000
The Proposition,5048693,2000000,3048693
Fist of Fury,0,10000000,-10000000
Fitzcarraldo,0,7362000,-7362000
The Big Country,3500000,0,3500000
You Can Count on Me,0,0,0
Brawl in Cell Block 99,0,10000000,-10000000
Arctic,0,2000000,-2000000
Paradise Lost 3: Purgatory,0,0,0
Midnight Special,6740647,18000000,-11259353
King of Devil's Island,0,10000000,-10000000
Scarlet Street,2948386,1202007,1746379
First Reformed,2525738,3500000,-974262
Meru,2334228,0,2334228
The Report,0,0,0
The Sweet Hereafter,7951247,5000000,2951247
Dead Ringers,8038508,13000000,-4961492
Triangle,1594955,12000000,-10405045
Gallipoli,11740000,3000000,8740000
Terms of Endearment,0,8000000,-8000000
"Steamboat Bill, Jr.",0,0,0
Thunder Road,0,0,0
Pretty in Pink,40471663,0,40471663
The Kings of Summer,0,0,0
You Don't Know Jack,0,0,0
if....,500000,0,500000
Beautiful Boy,7649973,25000000,-17350027
Hard Eight,222559,3000000,-2777441
Ginger Snaps,0,5000000,-5000000
Robot & Frank,3325038,2500000,825038
Particle Fever,0,0,0
Salyut-7,13767037,15000000,-1232963
The Last Black Man in San Francisco,2975184,0,2975184
Adam's Apples,0,3700000,-3700000
Gia,0,0,0
And the Band Played On,0,0,0
Sophie Scholl: The Final Days,0,0,0
Hellraiser,14564027,1000000,13564027
The Court Jester,0,4000000,-4000000
Air Force One,315156409,85000000,230156409
Get the Gringo,0,35000000,-35000000
Eat Drink Man Woman,7294403,0,7294403
Big Night,0,0,0
K.G.F: Chapter 1,0,0,0
Mahanati,11589600,4346100,7243500
Reds,40382659,35000000,5382659
Bernie,9206470,5000000,4206470
Ink,0,250000,-250000
Dog Soldiers,0,0,0
The Aeronauts,0,40000000,-40000000
The Lost City of Z,8574339,30000000,-21425661
Rab Ne Bana Di Jodi,0,0,0
Soldier's Girl,0,0,0
The Endless Summer,0,0,0
Laurence Anyways,12250,9500000,-9487750
A Street Cat Named Bob,82703,8000000,-7917297
Holiday Inn,0,0,0
The Snowman,0,0,0
A Bridge Too Far,50750000,22000000,28750000
Funny Face,0,0,0
Murderball,1750211,300000,1450211
Wake in Fright,50394,0,50394
A Most Wanted Man,31554855,15000000,16554855
The Girl Who Played with Fire,67126795,4422952,62703843
Frantz,880474,0,880474
Thappad,0,0,0
Runaway Train,7936012,9000000,-1063988
Invisible Life,0,0,0
House of Sand and Fog,16942795,16500000,442795
Behind the Candelabra,15600000,23000000,-7400000
Angst,0,472000,-472000
Fanaa,22175908,5300000,16875908
Intolerance: Love's Struggle Throughout the Ages,4000000,8394751,-4394751
Brittany Runs a Marathon,7439448,0,7439448
Bill Cunningham New York,1339650,0,1339650
What Maisie Knew,1066471,6000000,-4933529
Citizen X,0,0,0
Kirikou and the Sorceress,0,0,0
Some Kind of Wonderful,18553948,0,18553948
The Phantom of the Opera,0,0,0
Masquerade,0,0,0
Sultan,0,0,0
Heidi,0,8800000,-8800000
Better Watch Out,0,0,0
The Letter,0,0,0
What If,7847000,11000000,-3153000
Truman,9027600,0,9027600
20.000 Days on Earth,0,0,0
Marshall,10051659,12000000,-1948341
Flickering Lights,0,0,0
McQueen,1243177,0,1243177
The Band's Visit,0,0,0
One Day in September,0,0,0
The Doors,34416893,38000000,-3583107
Turbo Kid,67132,0,67132
One Child Nation,0,0,0
4 Moons,0,0,0
A Prayer Before Dawn,958883,0,958883
The Pink Panther Strikes Again,33833201,6000000,27833201
Disobedience,0,6000000,-6000000
Transsiberian,5926410,15000000,-9073590
Climax,0,2940457,-2940457
The Spy Who Came in from the Cold,0,0,0
House of Games,2585639,0,2585639
Gleason,0,0,0
The Central Park Five,273747,0,273747
The Most Dangerous Game,0,200000,-200000
Priceless,0,10000000,-10000000
House on Haunted Hill,0,200000,-200000
The Crazies,54956140,20000000,34956140
Late Night,22384741,4000000,18384741
The Treatment,0,0,0
Karwaan,3489863,3038109,451754
The Decline of Western Civilization,0,100000,-100000
Atlantic City,12729675,7200000,5529675
Tom Petty and the Heartbreakers: Runnin' Down a Dream,0,0,0
Blow the Man Down,0,0,0
Suspiria,6348889,20000000,-13651111
Hindi Medium,52390000,3213790,49176210
King of New York,2554476,1000000,1554476
Three… Extremes,176532,77532,99000
The Invisible War,0,0,0
We Were Here,0,0,0
Carnival of Souls,0,30000,-30000
The Whistleblower,0,0,0
Accattone,0,0,0
"Run Silent, Run Deep",0,0,0
Shoeshine,0,0,0
Opera,0,8000000,-8000000
The Tillman Story,0,0,0
Dhoom 2,46396427,11000000,35396427
White Light/Black Rain: The Destruction of Hiroshima and Nagasaki,0,0,0
The Man from Earth,0,200000,-200000
Lean on Pete,2455027,8000000,-5544973
Harry Brown,10329747,7300000,3029747
The Girl Who Kicked the Hornet's Nest,43498108,4000000,39498108
Ghost Town,27074492,20000000,7074492
They Call Me Jeeg,0,1900000,-1900000
Friday the 13th,59754601,550000,59204601
Sabotage,0,0,0
Pyaasa,0,0,0
He Loves Me… He Loves Me Not,5126264,0,5126264
Birdy,1400000,12000000,-10600000
The Secret of Roan Inish,0,0,0
Meet John Doe,0,0,0
Death of a Salesman,0,0,0
Spirits in the Forest,2480326,0,2480326
Kannathil Muthamittal,0,0,0
Polytechnique,0,0,0
The King's Choice,9100000,7500000,1600000
Who Killed the Electric Car?,1678874,1000000,678874
Stuck in Love,81071,0,81071
A Star Is Born,0,0,0
Heavy Trip,0,3369762,-3369762
Bad Boy Bubby,0,750000,-750000
Breakdown,50159144,36000000,14159144
The House of the Devil,0,0,0
Unsane,14293601,1500000,12793601
Waco: The Rules of Engagement,0,0,0
Dead Snow 2: Red vs. Dead,37473,0,37473
Magic Mike,167221571,7000000,160221571
Colette,14273033,0,14273033
The Gospel According to Matthew,0,0,0
Life According to Sam,0,0,0
Draft Day,28831145,25000000,3831145
Capitalism: A Love Story,17436509,20000000,-2563491
Best Worst Movie,0,0,0
Papillon,0,0,0
The Battery,0,6000,-6000
Heartstone,361878,0,361878
"Don't Worry, He Won't Get Far on Foot",2066633,0,2066633
Dark Days,0,0,0
Tab Hunter Confidential,0,0,0
Ash Is Purest White,0,0,0
Paradise Lost 2: Revelations,0,0,0
4 Little Girls,0,0,0
Jay and Silent Bob Reboot,1011305,0,1011305
Woody Allen: A Documentary,0,0,0
Phantasm,11988469,300000,11688469
Dark Water,0,1250000,-1250000
Southern Comfort,0,0,0
Becoming Astrid,0,0,0
The Snow Walker,0,0,0
Braven,0,0,0
Sunshine Cleaning,16174377,5000000,11174377
The Woman in Black,127730736,17000000,110730736
Rambo: Last Blood,91490353,50000000,41490353
The Strange Love of Martha Ivers,0,0,0
Gaslight,0,0,0
I've Loved You So Long,0,0,0
Behind the Mask: The Rise of Leslie Vernon,69136,0,69136
These Final Hours,0,0,0
The Man with the Golden Arm,0,0,0
Lost Soul: The Doomed Journey of Richard Stanley's “Island of Dr. Moreau”,0,0,0
A Private War,0,0,0
"Nightmares in Red, White and Blue",0,0,0
Transit,0,0,0
Fateless,0,0,0
Hell House LLC,0,0,0
Last Days in Vietnam,161,0,161
The Man Who Fell to Earth,0,1500000,-1500000
The Monster Squad,3769990,12000000,-8230010
The Barkley Marathons: The Race That Eats Its Young,0,0,0
Passion Fish,0,0,0
7 Boxes,0,0,0
Embrace,0,0,0
Rosencrantz & Guildenstern Are Dead,0,0,0
Emmet Otter's Jug-Band Christmas,0,0,0
Love & Friendship,4439431,0,4439431
Phenomena,0,3800000,-3800000
Grey Gardens,0,12000000,-12000000
Room at the Top,0,0,0
Salt of the Earth,0,0,0
Macbeth,16322067,15000000,1322067
You Only Live Once,0,575,-575
Deathgasm,0,0,0
Danny Collins,10835752,10000000,835752
Too Big to Fail,0,0,0
Bad Taste,0,25710,-25710
The Naked Kiss,0,200000,-200000
Breathe,159047649,9900000,149147649
Ballet Shoes,0,0,0
Charlie Bartlett,0,12000000,-12000000
My Friend Dahmer,1361611,0,1361611
1945,0,1669597,-1669597
Welcome to Dongmakgol,33579813,8000000,25579813
The Panama Papers,0,0,0
Explorers,9873044,25000000,-15126956
"A Time to Live, a Time to Die",0,0,0
Spider Baby,0,65000,-65000
Janis: Little Girl Blue,0,0,0
To Hell and Back: The Kane Hodder Story,0,0,0
Fat City,0,0,0
The Dressmaker,18340000,11930000,6410000
Last Flag Flying,0,0,0
The Ninth Gate,58401898,38000000,20401898
A Town Called Panic,0,0,0
Sweet Country,0,0,0
Game Change,0,0,0
Penelope,21156270,15000000,6156270
Don't Torture a Duckling,0,0,0
Igby Goes Down,4777465,9000000,-4222535
The Decline of Western Civilization Part II: The Metal Years,0,0,0
The Brand New Testament,0,8555500,-8555500
Ugly,2200000,700000,1500000
"Jeff, Who Lives at Home",4417580,10000000,-5582420
Resolution,0,0,0
The Little Princess,0,0,0
The Love Witch,228894,0,228894
Ben X,0,1500000,-1500000
Bilal: A New Breed of Hero,1750000,30000000,-28250000
Teddy Bear,0,0,0
The War Zone,0,0,0
The Party,3300000,0,3300000
Anti Matter,0,0,0
Stake Land,33245,650000,-616755
The Babushkas of Chernobyl,0,0,0
Cul-de-sac,0,0,0
I Dream in Another Language,0,0,0
Alive Inside,0,0,0
The Gathering Storm,0,0,0
The Hospital,0,0,0
Broken Blossoms,2400000,0,2400000
Wrinkles,0,2000000,-2000000
Like Crazy,3542353,250000,3292353
Journey's End,0,0,0
Internal Affairs,27734391,0,27734391
Changing Lanes,94935764,45000000,49935764
Longford,0,0,0
Nas: Time Is Illmatic,0,0,0
Agora,39041505,70000000,-30958495
The Dresser,0,0,0
Café Society,43763247,30000000,13763247
Trees Lounge,0,1300000,-1300000
Sharkwater Extinction,0,0,0
Suburbia,0,0,0
Raising Victor Vargas,2816116,800000,2016116
Faults,0,0,0
Milius,0,0,0
City of Ghosts,128015,0,128015
Proof,2155000,0,2155000
The First Time,22836,0,22836
The Mountain II,0,0,0
Danger Close,2078370,23934823,-21856453
Back Roads,0,0,0
Troop Zero,0,0,0
Salmon Fishing in the Yemen,34564651,0,34564651
Street Fight,0,0,0
Battle of Britain,0,12000000,-12000000
Titli,0,0,0
Mr. Six,0,250000,-250000
Blood and Black Lace,0,0,0
Jin-Roh: The Wolf Brigade,0,0,0
The Tuskegee Airmen,0,0,0
She's Beautiful When She's Angry,0,0,0
Maidentrip,0,0,0
The Laramie Project,0,0,0
The Golem: How He Came into the World,0,0,0
Dilwale Dulhania Le Jayenge,100000000,13200000,86800000
Support Your Local Sheriff,0,0,0
Last Cab to Darwin,0,0,0
Burn Notice: The Fall of Sam Axe,0,0,0
The Plague Dogs,0,0,0
Cloudburst,0,0,0
Valentine Road,0,0,0
Wendy and Lucy,0,200000,-200000
Rat Race,85498534,48000000,37498534
Rivers and Tides,0,0,0
Fan,28000000,12750000,15250000
All the Mornings of the World,0,0,0
Light of My Life,0,0,0
The Big Combo,0,0,0
The Beauty Inside,108083,0,108083
Beneath Hill 60,0,7347125,-7347125
Naked Gun 33⅓: The Final Insult,51132598,30000000,21132598
Recount,0,0,0
Dragonslayer,14110013,18000000,-3889987
Lawn Dogs,0,7000000,-7000000
The Flowers of War,95311434,94000000,1311434
Reefer Madness: The Movie Musical,0,0,0
Veteran,87970000,7528230,80441770
Mardaani,0,0,0
Thin,0,0,0
California Split,5000000,0,5000000
Out of Time,55495563,50000000,5495563
Tales of the Grim Sleeper,0,0,0
Fahrenheit 11/9,0,0,0
Gimme Danger,0,0,0
Salaam Namaste,0,2500000,-2500000
D.O.A.,0,0,0
McLintock!,0,0,0
The Long Riders,15795189,10000000,5795189
Any Day Now,0,0,0
"Fat, Sick & Nearly Dead",0,0,0
Kill the Irishman,1188194,0,1188194
A Coffee in Berlin,2750275,300000,2450275
Penny Serenade,0,0,0
Rocket Singh: Salesman of the Year,0,1250000,-1250000
Mr. Mom,64783827,0,64783827
Gozu,0,250000,-250000
The Nutty Professor,0,0,0
Blood Brother,0,0,0
The Weather Underground,0,0,0
The Falcon and the Snowman,0,0,0
We Are Still Here,0,0,0
Miss Granny,0,0,0
Eye of the Needle,18000000,0,18000000
Avanti!,0,2750000,-2750000
A Girl Like Her,0,0,0
Cries from Syria,0,0,0
Trouble the Water,0,0,0
Shut Up and Play the Hits,0,0,0
Still Mine,0,0,0
Alleluia! The Devil's Carnival,0,0,0
Padmaavat,81673897,31000000,50673897
Why We Fight,0,0,0
Bill & Ted's Bogus Journey,0,0,0
Bones Brigade: An Autobiography,0,110,-110
The Young and Prodigious T.S. Spivet,9494789,33000000,-23505211
Hype!,0,0,0
Your Vice Is a Locked Room and Only I Have the Key,0,0,0
Ghosts of Abu Ghraib,0,0,0
The Connection,41158757,1800000,39358757
The Bodyguard,411006740,25000000,386006740
The Birth of a Nation,11000000,100000,10900000
The Decline of the American Empire,0,0,0
Guava Island,0,0,0
The Kentucky Fried Movie,0,600000,-600000
The Ninth Configuration,0,0,0
Chico & Rita,0,0,0
Rewind This!,0,0,0
The Bride with White Hair,0,0,0
Fast Color,76916,0,76916
An American Crime,0,2000000,-2000000
Dick Tracy,103738726,47000000,56738726
Alamar,0,0,0
Coffy,0,500000,-500000
Strangled,0,0,0
Balibo,0,0,0
We Are Legion: The Story of the Hacktivists,0,0,0
Ashes of Time,0,0,0
Casting By,0,0,0
The Little Shop of Horrors,0,30000,-30000
The Island,0,0,0
Neds,0,0,0
The Cutting Edge,25105517,0,25105517
Meet the Patels,0,0,0
Topkapi,0,0,0
F/X,20603715,0,20603715
Hara-Kiri: Death of a Samurai,0,0,0
Sui Dhaaga - Made in India,0,0,0
Chuck Norris vs Communism,0,850000,-850000
Climates,0,0,0
The True Cost,0,0,0
Dog Pound,430041,0,430041
Liquid Sky,0,500000,-500000
The Hole in the Ground,3373474,0,3373474
Dave Made a Maze,0,0,0
Creepy,0,0,0
Haunters: The Art of the Scare,0,0,0
The Ghazi Attack,0,0,0
Young and Innocent,0,0,0
The Night Eats the World,0,0,0
Marlina the Murderer in Four Acts,0,0,0
I Capture the Castle,0,0,0
No No: A Dockumentary,0,0,0
Badrinath Ki Dulhania,0,0,0
Belle and Sebastian,0,0,0
White Sun,0,0,0
What's in a Name,0,0,0
Bully,480811,0,480811
Another Country,0,0,0
The Decline of Western Civilization Part III,0,0,0
The Midnight Meat Train,3533227,15000000,-11466773
The Living Dead at Manchester Morgue,0,0,0
Somers Town,0,0,0
Nothing Sacred,0,0,0
Aberdeen,0,0,0
Mystery Road,0,0,0
10 Rillington Place,0,0,0
Spring in a Small Town,0,0,0
The Man in the Iron Mask,182968902,35000000,147968902
The Boys of St. Vincent,204540,0,204540
High Life,2133033,8933400,-6800367
Under the Silver Lake,2053469,8500000,-6446531
Jean-Michel Basquiat: The Radiant Child,0,0,0
The Farewell Party,0,0,0
Breakfast on Pluto,0,0,0
Give Up Tomorrow,0,0,0
The Big Easy,0,0,0
Double Dare,0,0,0
Amal,0,0,0
Finders Keepers,0,0,0
M.F.A.,0,0,0
After Tiller,0,0,0
You're Not You,11486,0,11486
Gideon's Army,0,0,0
The Rape of Europa,0,0,0
Mr. Calzaghe,0,0,0
Wait for Your Laugh,0,0,0
That Sugar Film,0,0,0
A Field in England,32846,0,32846
Meatballs,0,1207520,-1207520
The Quiet Family,0,0,0
Western,0,1800000,-1800000
Morvern Callar,0,0,0
Trouble Is My Business,0,200000,-200000
Call Me Kuchu,0,0,0
Just Eat It: A Food Waste Story,0,0,0
Cockfighter,0,0,0
Winning: The Racing Life of Paul Newman,0,0,0
Best Kept Secret,0,0,0
The Vikings,0,5000000,-5000000
The Soloist,31720158,60000000,-28279842
Life with Father,0,0,0
Class of 1984,0,4300000,-4300000
On the Edge,0,7000000,-7000000
Electrick Children,0,0,0
Sleepless Night,0,3450000,-3450000
East Side Sushi,0,0,0
The First Great Train Robbery,0,6000000,-6000000
Conversations with Other Women,973525,450000,523525
Intact,0,0,0
Apostasy,0,0,0
Oedipus Rex,0,0,0
Black Souls,0,0,0
Way Down East,4500000,0,4500000
The Violin,0,0,0
Zama,0,0,0
Death of a Superhero,0,3,-3
James White,0,0,0
Images,0,0,0
99 River Street,0,0,0
Next,76066841,70000000,6066841
Grave Encounters,0,1000000,-1000000
The Woman in Green,0,0,0
Taking Chance,0,0,0
Kansas City Confidential,0,0,0
The Street Fighter,0,0,0
Spun,0,2000000,-2000000
Flight of the Butterflies,0,0,0
This Beautiful Fantastic,0,0,0
Henri-Georges Clouzot's Inferno,0,0,0
The Private Life of Henry VIII,0,0,0
The Forbidden Room,0,0,0
Suddenly,0,0,0
In the Soup,256249,0,256249
Orphans of the Storm,0,0,0
A Late Quartet,6303709,0,6303709
Inferno,0,3000000,-3000000
Frequently Asked Questions About Time Travel,0,0,0
The Vanishing,0,0,0
Antarctica: A Year on Ice,0,1000000,-1000000
The Ultimate Gift,3438735,0,3438735
What Have You Done to Solange?,0,0,0
Things to Come,0,0,0
Alice Sweet Alice,0,340000,-340000
How I Ended This Summer,0,2500000,-2500000
To End All Wars,0,0,0
Lila Says,0,0,0
Admiral,0,0,0
The Fits,0,0,0
The Chant of Jimmie Blacksmith,0,1380000,-1380000
Keep the Lights On,0,0,0
Marjorie Prime,0,0,0
Bunty Aur Babli,0,0,0
Fear of a Black Hat,0,0,0
The Fencer,0,2250000,-2250000
Keep the Change,0,0,0
The Shooting,0,75000,-75000
Two Hands,0,0,0
The Golden Coach,0,0,0
Savior,0,10000000,-10000000
Young Sherlock Holmes,0,18000000,-18000000
Starry Eyes,0,0,0
Home,0,0,0
The Southerner,0,0,0
Orchestra Rehearsal,0,0,0
Family,203044905,40000000,163044905
Narco Cultura,0,0,0
Harmontown,0,0,0
Baby Boom,26712476,15000000,11712476
Oddball,0,0,0
Dr. Jekyll and Mr. Hyde,0,0,0
Tiger Zinda Hai,87320000,15000000,72320000
Ill Manors,0,170000,-170000
Hollywood Shuffle,0,0,0
They Look Like People,0,0,0
American Grindhouse,0,0,0
The Winslow Boy,0,0,0
The Retrieval,0,0,0
The Comedy of Terrors,0,0,0
11:55,0,0,0
Everlasting,0,0,0
Cobra Verde,0,0,0
Cutter's Way,0,3000000,-3000000
Sweet Land,0,0,0
T-Men,0,0,0
The Family I Had,0,0,0
Twist of Faith,0,0,0
Brad's Status,2400000,0,2400000
Super Inframan,0,0,0
Trilogy of Terror,0,0,0
102 Not Out,0,0,0
Cash Only,0,0,0
Detainment,0,0,0
Hichki,25629954,2000000,23629954
The English Surgeon,0,350000,-350000
The Dirties,0,10000,-10000
Unplanned,0,6000000,-6000000
The Front,0,0,0
College,0,0,0
Never Grow Old,0,12000000,-12000000
Seoul Station,2021735,0,2021735
Across 110th Street,0,0,0
Ice Mother,0,0,0
Royal Wedding,0,0,0
Almost Holy,0,0,0
The Assassin,0,0,0
Bad Samaritan,3435047,0,3435047
Stations of the Cross,0,0,0
Eden,0,0,0
Love on a Leash,0,0,0
Dreams with Sharp Teeth,0,0,0
Little Big Man,31559552,15000000,16559552
Jellyfish,0,1800000,-1800000
Do You Trust this Computer?,0,0,0
The King of Masks,1,0,1
Big Eden,512451,0,512451
The Cat o' Nine Tails,1204739,1000000,204739
Brimstone,0,13000000,-13000000
LFO,0,0,0
Cyrano de Bergerac,0,0,0
Rabid,0,530000,-530000
Of Human Bondage,0,0,0
Kung Fu Jungle,129115,25000000,-24870885
Hagazussa,0,0,0
Euthanizer,0,350000,-350000
The Marriage Circle,0,212000,-212000
The World Before Your Feet,312789,0,312789
On Any Sunday,0,0,0
In Which We Serve,0,0,0
The Children Act,17696794,0,17696794
Convoy,45000000,12000000,33000000
What Will People Say,0,0,0
The Exorcist III,39024251,0,39024251
Off the Rails,0,0,0
Long Weekend,0,0,0
Return of the Hero,0,0,0
Kid Cannabis,0,0,0
Beauty Is Embarrassing,0,0,0
Blue My Mind,0,0,0
The Inspector General,0,0,0
Animal Factory,43805,3600000,-3556195
Shanghai Triad,0,2300000,-2300000
Gloria Bell,0,0,0
The Prophecy,16,8,8
Manufactured Landscapes,240239,0,240239
The Way of the Gun,19125401,8500000,10625401
Soapdish,36489888,0,36489888
The Third Murder,0,0,0
Big Fan,232732,250000,-17268
Night Owls,0,0,0
Call Me Lucky,0,0,0
Anand,0,0,0
The Mule,0,0,0
The Shout,0,0,0
The Dark,113231078,60000000,53231078
The Irish Pub,0,0,0
Charlie's Country,0,0,0
Autoluminescent: Rowland S. Howard,0,0,0
Never on Sunday,8000000,151000,7849000
The Gateway,0,1328931,-1328931
The Pope's Toilet,0,0,0
Hot Summer Nights,0,0,0
Robin Hood,0,0,0
Palo Alto,919591,0,919591
Ray Harryhausen: Special Effects Titan,0,0,0
The Goldfinch,0,40000000,-40000000
Park Row,0,0,0
Kundo: Age of the Rampant,0,0,0
Book Club,78720293,10000000,68720293
King of the Ants,0,0,0
The Opposite of Sex,5879254,5000000,879254
Hidden Agenda,1030938,0,1030938
The Italian,0,0,0
Photograph,0,0,0
Night Comes On,0,0,0
Untold Scandal,0,0,0
The Hanging Garden,0,0,0
Dreamchild,0,0,0
Unmistaken Child,302000,0,302000
22 Bullets,0,24000000,-24000000
The Scarlet Pimpernel,0,0,0
The Story of Luke,0,0,0
Lost Angels: Skid Row Is My Home,0,0,0
Always Shine,0,0,0
Elizabethtown,52034889,57000000,-4965111
After the Dark,1770376,0,1770376
G.B.F.,0,3200000,-3200000
I Spit on Your Grave,572809,2000000,-1427191
American Gigolo,22743674,4800000,17943674
Outfoxed: Rupert Murdoch's War on Journalism,0,0,0
Upside Down: The Creation Records Story,0,0,0
White Zombie,0,50000,-50000
Pork Chop Hill,0,0,0
As If I Am Not There,0,0,0
The Special Relationship,0,0,0
Woman on the Run,0,0,0
Louis C.K.: Shameless,0,0,0
Code Black,0,0,0
The Departure,0,0,0
We Have Always Lived in the Castle,0,0,0
King Corn,81368,0,81368
"People, Places, Things",0,0,0
Something from Nothing: The Art of Rap,288312,0,288312
The Age of Stupid,0,0,0
Chris & Don: A Love Story,0,0,0
Angels Wear White,0,0,0
King and Country,0,0,0
Mr. Majestyk,0,0,0
Two Night Stand,18612,0,18612
The Four Feathers,29882645,35000000,-5117355
The Joneses,7022728,10000000,-2977272
Top Spin,0,0,0
Orange County,0,0,0
Saturday Church,0,0,0
London River,0,0,0
A Vigilante,0,0,0
Tumhari Sulu,0,0,0
The Hornet's Nest,0,0,0
A Quiet Passion,1864266,8138338,-6274072
The Trotsky,0,6400000,-6400000
We Live in Public,0,0,0
"Accidental Courtesy: Daryl Davis, Race & America",0,0,0
The House That Dripped Blood,0,0,0
King Lear,0,0,0
The Big Kahuna,3728888,7000000,-3271112
Bolivia,0,0,0
The Story of Louis Pasteur,0,0,0
Dressed to Kill,0,0,0
Master of the Universe,0,0,0
On Chesil Beach,3335913,745971,2589942
McKellen: Playing the Part,0,0,0
Beauty Mark,0,0,0
Airplane II: The Sequel,27150534,0,27150534
The Lady Vanishes,0,0,0
Nuts!,0,0,0
White Lightning,0,0,0
The Chosen,0,0,0
North Dallas Forty,26079312,0,26079312
Hawks and Sparrows,0,0,0
A Bucket of Blood,0,50000,-50000
Jab We Met,4600000,2300000,2300000
Funeral in Berlin,0,0,0
Mid-August Lunch,0,0,0
Crush the Skull,0,0,0
Puncture,68945,0,68945
The Light of the Moon,0,0,0
Destination Wedding,0,0,0
The Blood Is at the Doorstep,0,0,0
Comic-Con Episode IV: A Fan's Hope,0,0,0
Three Came Home,0,0,0
Shade,0,6800000,-6800000
Big Sonia,0,0,0
Wonderstruck,1947099,0,1947099
Saint Ralph,489389,0,489389
Bad Hair,0,0,0
Society,0,0,0
A Farewell to Arms,0,0,0
Stigmata,50041732,29000000,21041732
"Tomorrow, When the War Began",16504936,27000000,-10495064
The Iron Mask,0,0,0
The Poughkeepsie Tapes,0,0,0
Home for the Holidays,17519169,0,17519169
The Wild and Wonderful Whites of West Virginia,0,0,0
"Christmas, Again",0,0,0
He Walked by Night,0,0,0
Every Little Step,0,0,0
Prodigy,0,0,0
Bellflower,101236,17000,84236
Crips and Bloods: Made in America,0,0,0
StreetDance 3D,18144030,5773100,12370930
David and Lisa,0,185000,-185000
Shifty,0,0,0
Life Itself,7997774,10000000,-2002226
The Court-Martial of Billy Mitchell,0,0,0
Fuse,0,0,0
Is Paris Burning?,0,0,0
The Dog,0,0,0
Afghan Star,101543,0,101543
Interstate 60,0,7000000,-7000000
Don't Come Back from the Moon,0,0,0
Pantani: The Accidental Death of a Cyclist,0,0,0
The River,0,0,0
Kill Command,0,0,0
Father's Little Dividend,0,0,0
워터댄스,0,0,0
Low Tide,0,0,0
Biggie and Tupac,0,0,0
On Her Shoulders,0,0,0
Most Beautiful Island,0,0,0
The Watermelon Woman,0,0,0
The Son of Bigfoot,46372519,30000000,16372519
The Grand Seduction,3430018,12700000,-9269982
Black Pond,0,0,0
A Man Called Horse,0,0,0
Night Tide,0,0,0
Choose Me,0,700000,-700000
Nina Forever,0,0,0
Aida's Secrets,0,0,0
The Grocer's Son,0,0,0
Party Girl,472370,150000,322370
Hawking,0,0,0
Rules of Engagement,71000000,60000000,11000000
The Matchmaker,0,2150000,-2150000
Paul Williams Still Alive,38691,0,38691
Birth of the Living Dead,0,0,0
Elvis & Nixon,1055287,0,1055287
Daughters of Darkness,0,0,0
Archipelago,0,0,0
Louder Than Bombs,161789,11000000,-10838211
Pray the Devil Back to Hell,0,0,0
Beat the Devil,0,1000000,-1000000
Rob the Mob,206909,0,206909
No Stone Unturned,0,0,0
Possum,0,0,0
47 Meters Down: Uncaged,0,12000000,-12000000
Soaked in Bleach,0,0,0
Bachna Ae Haseeno,9600000,2400000,7200000
The Uninvited,41624046,0,41624046
Return to Homs,0,0,0
Short Eyes,0,0,0
Rift,0,0,0
Twins of Evil,0,0,0
Welcome to Me,0,0,0
Contract Killer,0,0,0
Love Affair,0,0,0
The Collector,114000000,3400000,110600000
Les Misérables,0,0,0
True Legend,0,20000000,-20000000
The Round Up,25346148,20000000,5346148
Honey,0,0,0
The Young Karl Marx,0,0,0
Punching the Clown,0,0,0
Toast,0,0,0
"Yours, Mine and Ours",0,0,0
Jawaani Jaaneman,0,0,0
M.O.M. Mothers of Monsters,0,0,0
Believer,0,0,0
In Syria,0,0,0
Never Forever,689473,3500000,-2810527
Blood Tea and Red String,0,0,0
Mischief Night,0,0,0
A Kiss Before Dying,0,0,0
The Bullet Vanishes,117629,12000000,-11882371
Hitler's Children,0,0,0
Alleluia,0,3673315,-3673315
The Wipers Times,0,0,0
My Kid Could Paint That,0,0,0
Lumumba,0,0,0
Antrum,0,0,0
The Snows of Kilimanjaro,0,0,0
The Evil Within,0,4000000,-4000000
Vampire's Kiss,725131,2000000,-1274869
If Only,3000000,532673,2467327
Dark Money,0,0,0
Arranged,0,0,0
The Guardians,140073390,80000000,60073390
Girl Model,0,0,0
Hum Tum,0,0,0
The Sadist,0,0,0
16 Acres,0,0,0
Foxy Brown,0,500000,-500000
In the Aisles,0,0,0
Cleanskin,0,0,0
The American Nightmare,0,0,0
The Boy,64188367,10000000,54188367
Crown Heights,0,0,0
The Russian Woodpecker,0,0,0
Are We Not Cats,0,0,0
The Private Lives of Pippa Lee,2770941,0,2770941
Eames: The Architect and the Painter,0,0,0
The Alamo,7900000,12000000,-4100000
Natasha,0,0,0
"Cinema, Aspirins and Vultures",0,0,0
Patterns,0,0,0
Evelyn,0,0,0
The Island President,76398,0,76398
Geography Club,0,0,0
Never Goin' Back,0,0,0
Clear History,0,0,0
In the Mirror of Maya Deren,0,0,0
Skin,0,0,0
Fritz the Cat,100000000,850000,99150000
The Secret of Santa Vittoria,0,0,0
They Call Us Monsters,0,0,0
Undocumented Executive,0,0,0
Nightbreed,8862354,11000000,-2137646
The House of Magic,64197205,34000000,30197205
The Words,13231461,6000000,7231461
Party Monster,742898,5000000,-4257102
The President,0,0,0
Teacher of the Year,0,0,0
The Brothers Grimm,105316267,88000000,17316267
Free Enterprise,0,0,0
Topper Returns,0,0,0
The Kill Team,0,0,0
Sonu Ke Titu Ki Sweety,0,0,0
The Three Musketeers,0,1500000,-1500000
The Stuff,0,1700000,-1700000
Landline,0,0,0
Empire of Dreams: The Story of the Star Wars Trilogy,0,0,0
Racing Dreams,0,0,0
The President's Last Bang,0,0,0
Chi-Raq,0,0,0
Escobar: Paradise Lost,3758328,17000000,-13241672
Shoot to Kill,29300000,0,29300000
Gabrielle,0,0,0
Shun Li and the Poet,0,0,0
Pali Road,0,0,0
Into the Blue,44434439,50000000,-5565561
The Little Girl Who Was Too Fond of Matches,0,0,0
Crimes of the Heart,22905522,0,22905522
The Descent: Part 2,7048886,6000200,1048686
Svengali,0,0,0
Scott Walker: 30 Century Man,0,0,0
Happy Hunting,0,0,0
Punk's Not Dead,0,0,0
Approaching the Elephant,0,0,0
Graduation,0,0,0
The People vs. George Lucas,0,0,0
A River Below,0,0,0
The Midwife,7286136,7000000,286136
Funny Ha Ha,76901,0,76901
Me Without You,0,0,0
The Music of Strangers: Yo-Yo Ma and the Silk Road Ensemble,0,0,0
Tales of Halloween,416792,0,416792
Street Scene,0,584000,-584000
Tatsumi,0,800,-800
Deranged,0,0,0
The Man Who Saved the World,0,0,0
Voyager,0,0,0
The Kennel Murder Case,0,0,0
Dark River,0,0,0
Ex Libris: New York Public Library,151356,0,151356
Battle in Seattle,908847,8000000,-7091153
Dark Blue,9237470,15000000,-5762530
The Bellboy,10000000,900000,9100000
Happythankyoumoreplease,215576,0,215576
Bottle Shock,4040588,5000000,-959412
Genevieve,0,0,0
River of Grass,0,0,0
The Bridesmaid,0,0,0
Pass Over,0,0,0
Bad Lucky Goat,0,0,0
Pussy Riot: A Punk Prayer,0,25000,-25000
Listen Up Philip,200126,0,200126
Big Nothing,0,0,0
Mayor of the Sunset Strip,0,0,0
Conquest 1453,9001826,2581561,6420265
Road to Bali,0,0,0
"Pulp: a Film About Life, Death & Supermarkets",0,0,0
My Favorite Season,0,0,0
Number 37,0,0,0
Japanese Story,4098613,5740000,-1641387
Tortilla Soup,4574762,0,4574762
Friday the 13th Part 2,21722776,1250000,20472776
The Reef,0,0,0
Some Freaks,0,0,0
Theeran Adhigaaram Ondru,0,0,0
Wreckers,0,0,0
Look Both Ways,0,0,0
William S. Burroughs: A Man Within,0,160000,-160000
Knightriders,0,3000000,-3000000
Sheikh Jackson,0,0,0
What Richard Did,0,0,0
Inside the Rain,0,1000000,-1000000
Valley Uprising,0,0,0
Birds Without Names,0,0,0
All About Them,0,0,0
Men at Work,0,0,0
Terror by Night,0,0,0
Jigarthanda,0,1600000,-1600000
My Way,0,0,0
Crossing Arizona,0,0,0
Back to Burgundy,0,0,0
The Perfect Game,3878993,12500000,-8621007
Dil To Pagal Hai,11000000,1300000,9700000
"Lovely, Still",0,0,0
Ta Ra Rum Pum,0,0,0
Braid,0,0,0
Buzzard,13684,0,13684
A Dark Place,0,0,0
Finding Mr. Right,81350000,4881000,76469000
The Whole Gritty City,0,0,0
Estranged,0,0,0
Hitting the Apex,0,0,0
Woman Walks Ahead,0,0,0
The Horse Boy,0,0,0
Twice Born,18295,13000000,-12981705
"Empathy, Inc.",0,0,0
In the Name of...,65796862,13000000,52796862
Angel and the Badman,0,0,0
Bright Days Ahead,0,0,0
Her Composition,0,0,0
Wal-Mart: The High Cost of Low Price,0,0,0
The Possession,85446075,14000000,71446075
The Country Teacher,0,0,0
Mohabbatein,0,4000000,-4000000
The Flying Deuces,0,0,0
The Divine Order,30071,0,30071
Africa: The Serengeti,0,0,0
Mia madre,0,7000000,-7000000
Vampire Circus,0,0,0
Examined Life,0,0,0
Shadow Company,0,0,0
The Day of the Triffids,0,750000,-750000
Absurdistan,0,0,0
The Moustache,0,0,0
Entre Nos,0,0,0
Cecil B. Demented,0,10000000,-10000000
The Red House,0,0,0
Tideland,566611,12000000,-11433389
Lost in Paris,0,0,0
Species,113374103,35000000,78374103
Manifesto,0,10000,-10000
City of the Living Dead,0,0,0
Halston,0,0,0
Home Again,27020284,12000000,15020284
The Samurai,0,0,0
The Good Postman,0,0,0
I Am Another You,0,0,0
Dhoom,12000000,1500000,10500000
The Double Hour,4300000,3906840,393160
Pandemic,0,0,0
Nobody's Watching,0,0,0
My Name Is Emily,0,0,0
Cherry,0,0,0
Rampart,972512,12000000,-11027488
Ping Pong,0,0,0
Once I Was a Beehive,732655,0,732655
Sister Helen,0,0,0
War Don Don,0,0,0
Romero,0,0,0
Top Knot Detective,0,0,0
Girl Asleep,0,1150118,-1150118
The Ninth Day,72,0,72
Five Fingers for Marseilles,0,1000000,-1000000
Shottas,0,200000,-200000
Holy Air,0,0,0
Saint Jack,0,2000000,-2000000
The Golden Child,79817939,25000000,54817939
Hal,0,0,0
Last Call at the Oasis,0,0,0
Stella Maris,2400000,0,2400000
Edge Codes.com: The Art of Motion Picture Editing,0,0,0
The Sunset Limited,0,0,0
Django,11722,0,11722
Nancy,0,0,0
Love Liza,0,0,0
Kaante,0,0,0
The Unloved,0,0,0
The Blood Spattered Bride,0,0,0
After the Fox,0,0,0
The Suicide Theory,0,0,0
Lady Jane,0,8500000,-8500000
Thirst,0,0,0
Skeletons,0,0,0
Joe,19319254,106000,19213254
Pin Cushion,0,0,0
Black Sunday,0,0,0
Upside Down,8106475,60000000,-51893525
Doomed! The Untold Story of Roger Corman's The Fantastic Four,0,50000,-50000
Diverge,0,0,0
Baarìa,0,35000000,-35000000
Poor Boy's Game,0,0,0
That Guy Dick Miller,0,0,0
Till the Clouds Roll By,0,0,0
Hyena Road,0,0,0
Sukiyaki Western Django,2725258,3800000,-1074742
The Forest for the Trees,0,0,0
Under the Bombs,0,0,0
Hired Gun,0,0,0
Mary Goes Round,0,0,0
Food Chains,0,913000,-913000
Planet of the Vampires,0,0,0
Bedevilled,0,700000,-700000
One Week and a Day,0,0,0
This Is Where We Live,0,0,0
The Mechanic,0,0,0
The Front Page,0,0,0
Salute,0,1949120,-1949120
Wolf Creek 2,9630444,8000000,1630444
Computer Chess,0,0,0
Transpecos,0,0,0
Winter Brothers,0,0,0
Dalida,3465,0,3465
Catch Me Daddy,0,0,0
Bharat Ane Nenu,0,11000000,-11000000
Adore,1575749,16000000,-14424251
A Syrian Love Story,0,0,0
Nicholas and Alexandra,0,0,0
LBJ,0,0,0
Freestyle: The Art of Rhyme,0,0,0
Dolemite,12000000,120000,11880000
Crime After Crime,58840,0,58840
Embers,0,0,0
People's Republic of Desire,0,0,0
Witnesses,0,0,0
The Sisterhood of Night,0,0,0
Not Suitable For Children,0,0,0
Father's Day,0,10,-10
Sex & Drugs & Rock & Roll,415252786,65000000,350252786
Il Mare,0,0,0
Storm,0,0,0
Tiger Orange,0,0,0
Baazigar,0,0,0
Aruvi,0,0,0
Duckweed,0,0,0
Gabriel,0,0,0
The Dentist,0,0,0
Head Games,14056,0,14056
Churchill,0,10000000,-10000000
Garbo: The Spy,0,0,0
Ju Dou,0,0,0
Newton,0,0,0
The Foot Fist Way,245000,79000,166000
The Dark Valley,0,6875270,-6875270
Our Time Will Come,0,0,0
Shock Wave,0,23000000,-23000000
Final Score,0,20000000,-20000000
Pet,22003,0,22003
Rangasthalam,0,7800000,-7800000
Pathology,0,8000000,-8000000
Shooting Fish,302204,3000000,-2697796
Parkland,1412181,10000000,-8587819
Arjun Reddy,8000000,780000,7220000
Trash Dance,0,0,0
A Man of No Importance,953,0,953
Hideous Kinky,1263279,12000000,-10736721
The Levelling,0,1282545,-1282545
Don't Kill It,0,3500000,-3500000
Some Guy Who Kills People,0,300000,-300000
Good Dick,0,0,0
A Monster with a Thousand Heads,0,0,0
Murder!,0,0,0
The Keeping Room,0,0,0
Pop Aye,0,0,0
Bedrooms and Hallways,0,0,0
"Hale County This Morning, This Evening",0,0,0
Obey,0,0,0
100 Bloody Acres,0,0,0
George Carlin: Back in Town,0,0,0
B.B. King: The Life of Riley,0,0,0
Chasing the Dragon,445000000,200005000,244995000
Francofonia,0,0,0
Madeline's Madeline,185576,0,185576
Zarafa,0,10750000,-10750000
Goya's Ghosts,9448082,50000000,-40551918
Yu-Gi-Oh!: The Dark Side of Dimensions,1015339,0,1015339
The Poker House,0,1000000,-1000000
Wonder Wheel,15366466,25000000,-9633534
Uzumasa Limelight,0,0,0
Fugitive Pieces,0,0,0
Sister My Sister,0,0,0
All This Panic,0,0,0
De-Lovely,0,20000000,-20000000
Will Ferrell: You're Welcome America - A Final Night with George W. Bush,0,0,0
Scaffolding,0,0,0
Afternoon Delight,0,0,0
Author: The JT LeRoy Story,0,0,0
Time Regained,0,0,0
My Favorite Brunette,0,0,0
Gringo,0,0,0
The Last Movie Star,0,0,0
Cuban Fury,0,0,0
Body Bags,0,0,0
Trench 11,0,0,0
Gone in 60 Seconds,0,0,0
Super High Me,0,600000,-600000
1:54,0,0,0
Barbershop 2: Back in Business,65070412,18000000,47070412
Noble,0,0,0
The Greatest Story Ever Told,15473333,20000000,-4526667
Downriver,0,0,0
Southwest of Salem: The Story of the San Antonio Four,0,0,0
Let Her Out,0,0,0
TransFatty Lives,0,0,0
The Summit,0,0,0
Animals,0,0,0
Hello Destroyer,0,0,0
George Carlin: Jammin' in New York,0,0,0
Ashby,4631,0,4631
The Bigamist,0,0,0
Madeinusa,0,0,0
G-Dog,0,0,0
Sons of Perdition,0,0,0
Northern Soul,0,0,0
Astraea,0,0,0
Moll Flanders,0,0,0
"New York, I Love You",8049666,14700000,-6650334
Almost Sunrise,0,0,0
Undertow,143597,0,143597
Left On Purpose,0,0,0
Thoda Pyaar Thoda Magic,0,0,0
Four Sheets to the Wind,0,0,0
Our Nixon,0,0,0
Life of a King,0,0,0
Free and Easy,0,0,0
Sordid Lives,1079726,0,1079726
Something Like Happiness,0,0,0
Paint Your Wagon,31678778,20000000,11678778
Toomelah,0,0,0
Future Shock! The Story of 2000AD,0,0,0
Boston,0,0,0
Radiant City,0,0,0
Winter Kills,0,0,0
Living in the Future's Past,0,0,0
Fear and Desire,0,53000,-53000
Essential Killing,0,3654073,-3654073
Honor Flight,0,0,0
40 Years in the Making: The Magic Music Movie,0,0,0
1,954305868,250000000,704305868
Becoming Cary Grant,0,0,0
Sex and Broadcasting,0,0,0
Indestructible,631442092,92000000,539442092
Tai Chi Zero,1317376,0,1317376
Howl,0,0,0
Creation,0,0,0
Northanger Abbey,0,0,0
The Visual Bible: The Gospel of John,4078741,10000000,-5921259
Cardinals,0,0,0
Big Jake,0,0,0
This Is Martin Bonner,0,0,0
We are Twisted Fucking Sister!,0,0,0
Free In Deed,0,0,0
Death Rides a Horse,0,0,0
Q,0,0,0
Nicky's Family,0,0,0
A Picture of You,0,0,0
George Carlin: You Are All Diseased,0,0,0
Jaane Bhi Do Yaaro,0,14000,-14000
Night of the Demons,3109904,1200000,1909904
Night Hunter,0,0,0
Boy Wonder,0,0,0
Blue Chips,0,0,0
The Horseman,0,0,0
Jack Frost,0,0,0
Thousand Pieces of Gold,0,0,0
"Pink Ribbons, Inc.",25000,900000,-875000
True North,0,0,0
Ganja & Hess,0,0,0
Tropicália,0,0,0
Sun Ra: A Joyful Noise,0,0,0
Point and Shoot,0,0,0
Sold,0,0,0
The Rage in Placid Lake,0,0,0
Imitation Girl,0,0,0
Battle for Sevastopol,0,5000000,-5000000
Interview,0,0,0
The Midnight Swim,0,0,0
The Nightmare,28281,0,28281
Kites,0,0,0
The Legend of Rita,671565,0,671565
Sunshine State,0,0,0
Louis C.K.: Oh My God,0,0,0
The Good Neighbor,90573,0,90573
Hot House,0,0,0
The Gruffalo,0,0,0
Pandora's Promise,0,0,0
Shadows in the Sun,0,0,0
Pataakha,0,0,0
Mr. Nice,850994,0,850994
Willow Creek,0,0,0
The Culture High,0,0,0
Gulliver's Travels,0,0,0
Tales from the Script,0,0,0
Bride of Re-Animator,0,2000000,-2000000
The Church,0,0,0
1492: Conquest of Paradise,7191399,47000000,-39808601
The 51st State,14,28,-14
Urbania,0,0,0
Sufna,0,0,0
I Am Belfast,0,0,0
Love & Saucers,14016568,3000000,11016568
Sirens,7770731,0,7770731
Forgiving Dr. Mengele,0,0,0
Eating Out 2: Sloppy Seconds,0,0,0
The Second Time Around,0,0,0
The Heart is Deceitful Above All Things,176153,74050,102103
Goin' South,0,0,0
Support Your Local Gunfighter,0,0,0
Double Happiness,759393,0,759393
Before I Disappear,8251,0,8251
Chisholm '72: Unbought & Unbossed,0,0,0
The Immaculate Conception of Little Dizzle,0,0,0
Rakka,0,0,0
Jallikattu,0,0,0
GirlHouse,0,3150000,-3150000
Captain Kidd,0,0,0
Campfire,0,0,0
"Wild Horse, Wild Ride",0,0,0
The Patsy,0,0,0
Wake Wood,0,0,0
Bodysong,0,0,0
The Crescent,0,0,0
Flying Swords of Dragon Gate,0,35000000,-35000000
Khakee,0,0,0
For Those in Peril,0,0,0
The Greasy Strangler,0,0,0
The Competition,0,0,0
Our Daily Bread,0,0,0
Jeff Dunham: Spark of Insanity,0,0,0
Little White Lie,0,0,0
True Confessions,0,0,0
Siddharth,0,0,0
Paper Man,13514,0,13514
The Academy of Muses,0,0,0
Women Who Kill,0,0,0
The Personals,0,0,0
Psychomania,0,0,0
Beautiful Darling,0,0,0
Double Impact,30102717,15000000,15102717
The Stone Roses: Made of Stone,729043,0,729043
Bloodsucking Bastards,0,0,0
Let the Corpses Tan,0,0,0
Freedom,0,0,0
I Am Dragon,1776333,18000000,-16223667
An Occurrence at Owl Creek Bridge,0,0,0
Dil Bole Hadippa!,0,0,0
Creepshow 2,0,10000000,-10000000
Lake Tahoe,0,0,0
Gary Numan: Android In La La Land,0,0,0
Louisiana Story,0,258000,-258000
Fists of Legend,0,0,0
11 Flowers,0,0,0
The Loveless,0,0,0
Sometimes in April,0,0,0
Life,97437106,50000000,47437106
Flying Tigers,0,0,0
We Are Mari Pepa,0,0,0
The Road Movie,0,12000,-12000
The Souvenir,1036737,0,1036737
Felix and Meira,0,0,0
Saving Brinton,0,0,0
Five Corners,0,0,0
Alexandra's Project,0,0,0
What Still Remains,0,0,0
The Cat's Meow,3646994,7000000,-3353006
Who's Watching Oliver,0,0,0
The Leading Man,0,0,0
Happy,0,700000,-700000
The Berlin File,48965210,9000000,39965210
La Camioneta: The Journey of One American School Bus,0,0,0
Wind,5519569,29000000,-23480431
The Dying of the Light,0,0,0
Sun Choke,0,0,0
The Icarus Line Must Die,0,0,0
Little Nemo: Adventures in Slumberland,0,0,0
Athadu,27,0,27
Giuseppe Makes a Movie,0,0,0
Sarah Silverman: We Are Miracles,0,0,0
Hot Coffee,0,0,0
An Inspector Calls,0,0,0
Falcon Rising,11774,4500000,-4488226
Bridgend,0,0,0
From Time to Time,0,0,0
A Screaming Man,0,0,0
The Portrait of a Lady,3692836,0,3692836
Deepsea Challenge,0,0,0
The Joyless Street,0,0,0
Dangerous Liaisons,34670720,14000000,20670720
Very Semi-Serious,0,0,0
Witness Protection,0,0,0
The Man from Earth: Holocene,0,0,0
Blue Hawaii,4200000,2000000,2200000
For Ahkeem,0,0,0
Late Phases,0,0,0
Pu-239,0,0,0
Our Town,0,0,0
A Red Bear,0,0,0
Phantom Detective,67054,0,67054
Wheels on Meals,0,0,0
The Last Time I Saw Paris,105,0,105
Don't Talk to Irene,0,0,0
A Bad Idea Gone Wrong,0,0,0
Bottom of the 9th,0,0,0
Stop-Loss,11207130,25000000,-13792870
Different for Girls,0,0,0
Absolutely Anything,6303792,0,6303792
Suture,102780,0,102780
Summer '03,0,0,0
Chopping Mall,0,800000,-800000
Without Name,0,0,0
The Legend of Bhagat Singh,6000000,3000000,3000000
Felony,0,0,0
Elián,0,0,0
The Price We Pay,0,0,0
Bad Blood: The Movie,0,0,0
Red Lights,13551174,14000000,-448826
Calling All Earthlings,0,0,0
Test,0,0,0
Jungle Book,0,0,0
Twilight,0,0,0
Bravetown,0,0,0
The Creeping Flesh,0,0,0
Derailroaded,0,0,0
The Alibi,138704,0,138704
Infinity Baby,0,0,0
Bruce Lee: A Warrior's Journey,0,0,0
The Journey,0,0,0
Gogol Bordello Non-Stop,0,0,0
Bad Milo,19613,0,19613
Feast of Love,3504875,0,3504875
Under the Gun,0,0,0
George Carlin: Complaints & Grievances,0,0,0
Parked,0,0,0
The Chinese Mayor,0,0,0
Blackbird,0,0,0
Santoalla,0,0,0
Bhoothnath,0,0,0
No Tears for the Dead,0,0,0
Humanoids from the Deep,0,0,0
Lazy Eye,0,0,0
The Color Wheel,0,19000,-19000
The Wait,0,0,0
Circo,67821,0,67821
Bang Gang (A Modern Love Story),0,0,0
Roja,0,0,0
Ae Dil Hai Mushkil,0,0,0
Made in Britain,0,0,0
George Carlin: Life Is Worth Losing,0,0,0
Zero Charisma,0,0,0
Coldwater,0,0,0
Letters to God,0,3000000,-3000000
Keep the Aspidistra Flying,0,0,0
Rosenstrasse,0,0,0
A Turtle's Tale: Sammy's Adventures,71594792,0,71594792
Peterloo,0,0,0
Vision – From the Life of Hildegard von Bingen,5078060,0,5078060
Song to Song,1710528,10000000,-8289472
Nayakan,0,0,0
Padosan,0,0,0
At Middleton,0,2500000,-2500000
Bill Frisell: A Portrait,0,0,0
Flashbacks of a Fool,1107542,0,1107542
Fat Man and Little Boy,0,0,0
Bhaji on the Beach,0,0,0
The Good Son,0,0,0
Trucker,0,2000000,-2000000
BMX Bandits,0,980385,-980385
In the Electric Mist,0,0,0
Manhunt: The Inside Story of the Hunt for Bin Laden,0,0,0
Hands of the Ripper,0,0,0
Hey Ram,4900000,3900000,1000000
Saathiya,12000000,3000000,9000000
Demon House,0,0,0
Beautiful Losers,56386,0,56386
The Bedroom Window,0,0,0
A Bottle in the Gaza Sea,0,0,0
Mystic India,0,0,0
The Cheap Detective,0,0,0
Alex of Venice,0,0,0
Plan 9 from Outer Space,0,60000,-60000
Jim Gaffigan: Quality Time,0,0,0
Kurt & Courtney,0,0,0
Loving Pablo,17535962,4667008,12868954
Tumbleweeds,0,312000,-312000
Bone,0,0,0
People of a Feather,0,0,0
Destination Moon,0,0,0
Runoff,0,0,0
The Slumber Party Massacre,0,0,0
Shy People,769119,0,769119
Félicité,0,0,0
Into Temptation,0,0,0
Late Night Shopping,0,0,0
The Quiet,381420,900000,-518580
I Think We're Alone Now,0,0,0
Zombeavers,14947,0,14947
Little Italy,0,0,0
Prescription Thugs,0,0,0
The Two Faces of Dr. Jekyll,0,0,0
The Returned,0,0,0
Street Fighter II: The Animated Movie,0,0,0
24 Days,0,0,0
a/k/a Tommy Chong,0,0,0
Edie,0,0,0
Sun Don't Shine,0,0,0
Lisa and the Devil,0,1000000,-1000000
The Moo Man,0,0,0
Harmony and Me,0,0,0
Charlie Countryman,11650,0,11650
Ghosts of Cité Soleil,0,0,0
Being Ginger,0,0,0
My Date with Drew,0,0,0
23 Blast,0,0,0
Fortress of War,4404729,8500000,-4095271
"Liza, the Fox-Fairy",0,0,0
200 Pounds Beauty,0,4000000,-4000000
Free China: The Courage to Believe,0,0,0
Escape from Sobibor,0,0,0
By Sidney Lumet,0,0,0
Heartburn,0,0,0
Jess + Moss,0,0,0
Garden of Evil,0,0,0
Baghban,4800000,0,4800000
500 Years,0,0,0
Boom Bust Boom,0,0,0
It Felt Like Love,0,0,0
Big Ass Spider!,0,0,0
Book of Blood,0,0,0
The Flaw,0,0,0
Actor in Law,4800000,1600000,3200000
Style Wars,0,0,0
Drew: The Man Behind the Poster,0,0,0
The Acid House,0,0,0
Girl Flu.,0,0,0
Manborg,0,0,0
Sunflower,0,0,0
United,0,0,0
Darling,0,0,0
Little Secrets,0,0,0
The Strangers: Prey at Night,31039126,12500000,18539126
Lakeboat,0,0,0
The House at the End of Time,4588899,300000,4288899
Genova,0,0,0
Katie Says Goodbye,0,0,0
Little England,0,0,0
How to Talk to Girls at Parties,0,0,0
Necessary Roughness,0,0,0
Trouble Every Day,9200,0,9200
Only When I Dance,6315,0,6315
Intimate Enemies,0,9780000,-9780000
Memoria,0,0,0
Numb,0,0,0
Serenity,14454622,25000000,-10545378
Medora,0,0,0
Coming Through the Rye,0,0,0
Nameless Gangster,0,125000,-125000
Seberg,592565,8000000,-7407435
Neighbours,0,0,0
Losing Isaiah,7603766,17000000,-9396234
Jesus Christ Vampire Hunter,0,0,0
Jingle Bell Rocks!,0,0,0
Killers,98159963,75000000,23159963
Guernica,0,6229577,-6229577
Digging Up the Marrow,0,0,0
A Suitable Girl,0,0,0
Mr. Pip,0,0,0
Chastity Bites,0,0,0
My Sweet Little Village,0,0,0
Lyle,0,0,0
Downhill,0,0,0
Rememory,0,0,0
Sarbjit,0,100,-100
The Forest of the Lost Souls,0,0,0
"If I Want to Whistle, I Whistle",0,0,0
Yardie,0,0,0
When I Walk,0,0,0
Friend,0,0,0
Always,0,0,0
Art School Confidential,0,0,0
Best and Most Beautiful Things,0,0,0
The Tag-Along,0,0,0
Stone of Destiny,0,0,0
Slingshot,0,0,0
Make Believe,0,0,0
Checkered Ninja,0,0,0
The Human Resources Manager,0,0,0
Hemingway & Gellhorn,0,19500000,-19500000
Like Me,0,0,0
Flower Drum Song,0,0,0
Man in Red Bandana,0,0,0
School of Life,0,0,0
The Baytown Outlaws,0,4000000,-4000000
The 5th Quarter,399611,6000000,-5600389
Cousins,22030000,13000000,9030000
Battles Without Honor and Humanity,0,150000,-150000
Molokai: The Story of Father Damien,0,0,0
George Carlin: It's Bad for Ya!,0,0,0
Kaththi,0,1600000,-1600000
Know Your Mushrooms,0,0,0
Naked Among Wolves,0,0,0
The Happiness of the Katakuris,0,0,0
Hide Your Smiling Faces,0,0,0
Love the Coopers,42426912,17000000,25426912
Munyurangabo,0,0,0
Ankhon Dekhi,0,0,0
The Only Living Boy in New York,2550321,0,2550321
Michael H. – Profession: Director,0,0,0
Bustin' Down the Door,0,0,0
Switchback,6482195,37000000,-30517805
Hatchet III,0,0,0
Silsila,0,0,0
Inside Hana's Suitcase,0,0,0
The Phantom,17300889,45000000,-27699111
Mind the Gap,9496,0,9496
Phantasm III: Lord of the Dead,0,2500000,-2500000
The Million Dollar Hotel,0,8000000,-8000000
Isolation,0,5000000,-5000000
Strongman,0,0,0
The Monster Club,0,0,0
Sollers Point,0,0,0
Digging to China,33556,0,33556
King Leopold's Ghost,0,0,0
Ted Bundy,68716,1200000,-1131284
A.C.O.D.,175705,0,175705
The Tower,0,0,0
Wilby Wonderful,0,0,0
Handsome Harry,0,1000000,-1000000
Mr Hublot,0,295000,-295000
The Pentagon Wars,0,0,0
Big Bad Mama,0,0,0
Hidden Kisses,0,0,0
Jimmy Carter Man from Plains,108282,0,108282
The Merry Gentleman,0,0,0
Dark Horse,0,0,0
Black Sun,0,0,0
Werewolf,0,0,0
The Funhouse Massacre,0,0,0
Lou,0,0,0
Tokyo Tribe,0,0,0
Heroes of the East,0,0,0
Shivaay,0,0,0
Extremities,13418091,0,13418091
I Know That Voice,0,0,0
All These Sleepless Nights,0,0,0
Buena Vista Social Club: Adios,0,0,0
Hwayi: A Monster Boy,0,0,0
Hunter Gatherer,0,0,0
Ecstasy,0,0,0
Innocent,0,0,0
The Relic,33956608,60000000,-26043392
When a Stranger Calls Back,0,0,0
Augustine,0,0,0
Leonard Cohen: I'm Your Man,0,0,0
Lamb,0,0,0
The Double,3696232,17000000,-13303768
Disco Pigs,0,0,0
Wish Upon a Star,0,0,0
The Lords of Flatbush,4000000,160000,3840000
Age of Uprising: The Legend of Michael Kohlhaas,0,0,0
Backstabbing for Beginners,0,0,0
Mad Money,0,0,0
Infinity Chamber,0,0,0
"All's Well, Ends Well",0,0,0
Herman's House,0,0,0
Tracers,593683,11000000,-10406317
Cromwell,0,8000000,-8000000
Honeydripper,0,0,0
The Glass Coffin,0,0,0
Bury My Heart at Wounded Knee,0,0,0
Flu,19775853,0,19775853
Wassup Rockers,634074,0,634074
The Mighty Macs,0,7000000,-7000000
Unlovable,0,0,0
Jolene,0,0,0
Impact,0,0,0
Frankie & Alice,1656829,0,1656829
Derrida,0,0,0
Elephant Song,0,0,0
Strange Behavior,0,0,0
The Jazz Singer,0,0,0
9th Company,24000000,9500000,14500000
Goodachari,0,872664,-872664
Abhimaan,0,0,0
Softness of Bodies,0,0,0
Sharknado,0,1000000,-1000000
Generation Wealth,0,0,0
Aliyah,0,0,0
Mambo Italiano,3031801,4361898,-1330097
The Terrorizers,0,0,0
Young Ones,0,0,0
Book of Monsters,0,76000,-76000
Rock-A-Doodle,11657385,18000000,-6342615
The Trouble with the Truth,0,0,0
Father of a Soldier,0,0,0
About Alex,0,0,0
The Group,0,0,0
Eating Out,0,50000,-50000
"If It's Tuesday, This Must Be Belgium",6000000,0,6000000
Chaos,0,0,0
Sylvio,0,0,0
The Outlaw,0,0,0
Llyn Foulkes One Man Band,0,0,0
Dominick Dunne: After the Party,0,0,0
Good Kids,0,0,0
The Good Soldier,0,0,0
Dare,18088,0,18088
Gunnin' for That #1 Spot,0,0,0
Dear Lemon Lima,0,0,0
Lamhe,0,0,0
H.H. Holmes: America's First Serial Killer,0,0,0
Technotise: Edit & I,0,0,0
Showrunners: The Art of Running a TV Show,0,0,0
Hiding Out,0,0,0
The Curse of the Gothic Symphony,0,0,0
The Saratov Approach,0,0,0
Yesterday,0,0,0
Last Rampage,0,0,0
Imagine,0,55000000,-55000000
Eight Diagram Pole Fighter,0,0,0
Extinction,0,0,0
Dark Was the Night,0,0,0
Southern Baptist Sissies,0,0,0
Under the Boardwalk: The Monopoly Story,0,0,0
Clandestine Childhood,0,0,0
The Gruffalo's Child,0,0,0
Maniac Cop 2,0,4000000,-4000000
Edmond,0,10000000,-10000000
Judge Priest,0,0,0
Beside Bowie: The Mick Ronson Story,0,0,0
"Westwood: Punk, Icon, Activist",0,0,0
George Carlin: Doin' it Again,0,0,0
The Take,0,0,0
Battle Beyond the Stars,11000000,2000000,9000000
A Cool Fish,0,0,0
Ooops! Noah is Gone...,769028,6000000,-5230972
Wilderness,566098,0,566098
Cesar Chavez,0,10000000,-10000000
Manorama Six Feet Under,4500000,4000000,500000
Atlas Shrugged: Part I,4627375,15000000,-10372625
Wah-Wah,0,0,0
That Uncertain Feeling,0,0,0
Delirious,5546827,18000000,-12453173
Sintel,0,450000,-450000
The Comedy,0,0,0
Chasing Happiness,0,0,0
Sophie and the Rising Sun,0,0,0
Good Newwz,0,0,0
Icaros: A Vision,0,0,0
Velaiyilla Pattathari,7700000,1100000,6600000
Spread,12032983,0,12032983
Just Looking,0,3000000,-3000000
Small Town Murder Songs,0,0,0
Of Mind and Music,0,0,0
In Search of Israeli Cuisine,0,0,0
The Pill,0,0,0
Dead Birds,0,1500000,-1500000
Stolen Life,0,0,0
Open Grave,0,0,0
Girl Lost,0,1000000,-1000000
The Big Sleep,0,0,0
Arn: The Knight Templar,0,25000000,-25000000
Gracie's Choice,0,0,0
They,0,0,0
Shut Up Little Man! An Audio Misadventure,0,0,0
Jennifer Eight,11390479,20000000,-8609521
Mujhse Dosti Karoge!,0,0,0
Art & Copy,0,0,0
Asylum,0,0,0
America The Beautiful,0,0,0
Casey's Shadow,0,0,0
Gone,18100189,0,18100189
Pakeezah,0,0,0
D-Day,5600000,3900000,1700000
The Great Buddha+,990000,0,990000
The Babysitters,44852,0,44852
Aankhen,0,0,0
Eega,19450000,5990000,13460000
Infinity,0,0,0
Vanishing of the Bees,0,0,0
Raw Deal,16209459,8500000,7709459
This Is Our Land,0,0,0
Sammohanam,0,0,0
A Fool There Was,0,0,0
Joshua,1347988,0,1347988
Zog,0,0,0
Bonhoeffer,0,0,0
Bliss,294064,0,294064
Cool Kids Don't Cry,0,0,0
Farmageddon,0,0,0
Burt's Buzz,0,0,0
Diamond Tongues,0,0,0
In Search of Mozart,0,0,0
Desert Bloom,0,0,0
Meri Pyaari Bindu,2437852,3014770,-576918
I Spit on Your Grave 2,678604,0,678604
Stop at Nothing: The Lance Armstrong Story,0,0,0
Nakom,0,0,0
Christmas in August,0,0,0
Punching Henry,0,0,0
The Young Master,0,0,0
Beowulf & Grendel,92076,0,92076
Who Bombed Judi Bari?,0,0,0
The Whisperers,0,0,0
Miss Austen Regrets,0,0,0
Mondo Cane,0,0,0
Run Boy Run,0,0,0
The Medusa Touch,0,0,0
Shepard & Dark,0,0,0
The New York Ripper,0,0,0
The Strange Little Cat,0,0,0
The Armor of Light,0,0,0
Hannah,41036181,7700000,33336181
The Lesson,0,0,0
Crippled Avengers,0,0,0
Moss,0,0,0
Porcile,0,0,0
When Trumpets Fade,0,0,0
Five Element Ninjas,0,0,0
Watermark,0,0,0
Dane Cook: Vicious Circle,0,0,0
This Divided State,0,0,0
Urusei Yatsura 2: Beautiful Dreamer,0,0,0
Mother of Mine,2851888,3131855,-279967
The Jurassic Games,0,0,0
The Man from Elysian Fields,0,0,0
Awaara,0,0,0
Frankenstein's Army,0,0,0
Fighter In The Wind,0,6000000,-6000000
Jack's Back,0,0,0
Maya,0,0,0
Days and Clouds,0,0,0
The Ice Cream Truck,0,0,0
Kung Fu Killer,0,0,0
A Little Bit of Heaven,1296937,0,1296937
Into the Storm,0,0,0
Mike Tyson: Undisputed Truth,0,0,0
Citadel,0,0,0
Healing,0,0,0
Tapeheads,343786,0,343786
The Scarlet and the Black,0,0,0
Laaga Chunari Mein Daag - Journey of A Woman,0,0,0
The Monster Project,0,0,0
The Carer,268476,0,268476
Golmaal Again,0,0,0
Holly,0,0,0
Escanaba in da Moonlight,0,0,0
Portrait of Wally,0,0,0
Jim Jefferies: I Swear to God,0,0,0
Madame Bovary,658532,0,658532
Hanover Street,3000000,0,3000000
Mike Bassett: England Manager,0,0,0
The High Cost of Living,0,0,0
A Brand New Life,0,0,0
The Quiet Ones,17834867,200000,17634867
The Last Rites of Joe May,0,0,0
Kavan,0,0,0
Fanny's Journey,0,0,0
Caged Heat,0,180000,-180000
A Company Man,7339398,3500000,3839398
The Art of Travel,0,2,-2
Just Jim,0,400000,-400000
Beneath the Harvest Sky,0,0,0
Redwood Highway,0,0,0
Fear City,0,0,0
Kaala Patthar,0,0,0
Indictment: The McMartin Trial,0,0,0
All Cheerleaders Die,0,0,0
Bad Hurt,0,0,0
The Witch Who Came from the Sea,0,0,0
Yesterday was a lie,0,0,0
Razzia,0,0,0
Henry's Crime,204940,12000000,-11795060
Trafficked,0,0,0
OT: Our Town,0,0,0
Disorder in the Court,0,0,0
Voice from the Stone,0,0,0
Brain Dead,0,2000000,-2000000
My Mistress,0,0,0
The Driller Killer,0,0,0
The Yes Men Are Revolting,0,0,0
The Motel Life,0,0,0
La Bare,0,0,0
Maanagaram,1550000,779000,771000
Mandingo,0,0,0
Ishqiya,0,0,0
The Town That Dreaded Sundown,0,0,0
Savannah Smiles,0,0,0
Lady of Burlesque,0,0,0
Khadak,0,0,0
Scandal Makers,0,0,0
Where the Red Fern Grows,0,0,0
Michael Moore Hates America,0,0,0
Canadian Bacon,178104,11000000,-10821896
Living on One Dollar,0,0,0
The Scapegoat,0,0,0
Genesis,0,0,0
In Secret,0,0,0
Never Surrender: A Galaxy Quest Documentary,0,0,0
Rare Birds,0,5000000,-5000000
Forbidden World,0,0,0
Hatchet II,156190,2500000,-2343810
Somebody Up There Likes Me,0,0,0
Breakin' 2: Electric Boogaloo,0,0,0
Fear X,0,0,0
King of Thieves,0,0,0
A Spell to Ward Off the Darkness,0,0,0
A Friend Is a Treasure,0,0,0
Dementia 13,0,30000,-30000
Bookies,0,0,0
Midaq Alley,0,0,0
Reset,0,0,0
Shanghai,0,50000000,-50000000
Take Me to the River,0,0,0
Antarctica: Ice & Sky,0,0,0
I Bury the Living,0,0,0
Living Among Us,0,0,0
White of the Eye,0,0,0
Remembrance,0,0,0
Uncovered: The War on Iraq,0,0,0
Laila's Birthday,0,0,0
Malevolence,0,450000,-450000
The Jackie Robinson Story,0,0,0
Autumn Lights,0,0,0
Taste of Fear,0,0,0
Curtains,0,0,0
Tales from the Organ Trade,0,0,0
Bad Kids of Crestview Academy,0,5000000,-5000000
It Happened on Fifth Avenue,0,0,0
By the Time It Gets Dark,0,0,0
Coldplay: Live 2003,0,0,0
Theri,26000000,0,26000000
These Girls,0,0,0
J.D.'s Revenge,0,0,0
Chhoti Si Baat,0,0,0
Kabhi Kabhie,0,0,0
The Bridge at Remagen,0,0,0
For My Father,0,0,0
Teenage,201965915,13500000,188465915
Off the Black,0,0,0
Along for the Ride,0,0,0
Tuff Turf,0,0,0
The English Teacher,104810,0,104810
The Lost Arcade,0,0,0
Low Down,0,0,0
Where the Trail Ends,0,0,0
The Salt of Life,0,0,0
Assault on Wall Street,0,0,0
7 Days in Syria,0,0,0
The Emperor Jones,0,0,0
Here and There,0,0,0
The One-Armed Swordsman,0,0,0
Motorama,0,0,0
The Royal Tailor,0,0,0
The End of Poverty?,57,1000000,-999943
"What Did You Do in the War, Daddy?",0,0,0
Fragile,0,0,0
The Mighty Celt,0,0,0
Rescue in the Philippines: Refuge from the Holocaust,0,0,0
Summer,125586134,17000000,108586134
Clan of the White Lotus,0,0,0
The Deadly Companions,0,0,0
Stick Man,1378503,0,1378503
The Magic Flute,0,0,0
George Carlin: George's Best Stuff,0,0,0
Load Wedding,0,0,0
uwantme2killhim?,0,0,0
Madman,0,0,0
A Guy Thing,17432163,20000000,-2567837
Terror Train,0,3500000,-3500000
Combat Shock,0,40000,-40000
Down to Earth,0,0,0
The Heavenly Kid,0,0,0
The Fitzgerald Family Christmas,0,0,0
The Lullaby,0,0,0
7 Chinese Brothers,0,0,0
Hearing Is Believing,0,0,0
Passion,713616,20000000,-19286384
The Demons,0,0,0
Biswa Kalyan Rath : Biswa Mast Aadmi,0,0,0
Only Old Men Are Going to Battle,0,269750,-269750
F/X2,0,16400000,-16400000
The Yellow Birds,0,12000000,-12000000
Angelica,0,0,0
Torn,0,0,0
Zakir Khan : Haq Se Single,0,0,0
Trial by Fire,130000,0,130000
The Calling,0,0,0
Dust in the Wind,0,0,0
The Song of Sway Lake,0,0,0
Sebastian Maniscalco: Aren't You Embarrassed?,0,0,0
Daughter of Mine,0,0,0
Doomsdays,0,0,0
The Incredible Hulk Returns,0,0,0
"How Much Does Your Building Weigh, Mr Foster?",0,0,0
Therapy for a Vampire,0,0,0
One Small Hitch,7965,0,7965
"Bon Voyage, Charlie Brown (and Don't Come Back!)",2013193,0,2013193
The Devil's Arithmetic,0,0,0
Bhoomi,0,0,0
The Wind Journeys,0,0,0
Memoir of War,0,0,0
Ladies in Lavender,20377075,0,20377075
"OC87: The Obsessive Compulsive, Major Depression, Bipolar, Asperger's Movie",0,0,0
Stand Clear of the Closing Doors,0,0,0
The Light Thief,0,0,0
Veronika Decides to Die,0,9000000,-9000000
Hell Drivers,0,0,0
Leviathan,15704614,25000000,-9295386
Doug Stanhope: No Refunds,0,0,0
The Lottery,0,0,0
Heidi Fleiss: Hollywood Madam,0,0,0
Abraham Lincoln,0,0,0
There's Something Wrong with Aunt Diane,0,0,0
Casino Jack,1083683,12500000,-11416317
Take Me Home,6928068,19000000,-12071932
Cinderella,0,0,0
In Dubious Battle,0,10000000,-10000000
George Carlin: Playin' with Your Head,0,0,0
Wasted on the Young,0,0,0
Bickford Shmeckler's Cool Ideas,0,1000000,-1000000
Khumba,27187375,20000000,7187375
Regression,17671101,0,17671101
Panfilov's 28 Men,0,0,0
Vivah,4000000,0,4000000
Long Distance Revolutionary: A Journey with Mumia Abu-Jamal,0,0,0
"Poverty, Inc.",0,0,0
Secret Reunion,0,0,0
Powder Blue,0,0,0
Hello Mary Lou: Prom Night II,2683519,0,2683519
Lady in a Cage,0,0,0
The Shelter,0,0,0
Double Take,0,0,0
Ghostbox Cowboy,0,0,0
Enter Nowhere,0,0,0
The Unforgiven,0,5000000,-5000000
Violet & Daisy,0,0,0
Exhibition,0,0,0
The Escort,0,0,0
Assaulted: Civil Rights Under Fire,0,175000,-175000
The Who: The Kids Are Alright,0,2000000,-2000000
The Baby of Mâcon,0,0,0
Friends,0,0,0
Baar Baar Dekho,9100000,7400000,1700000
"Never Steady, Never Still",0,0,0
United in Anger: A History of ACT UP,0,0,0
The Stray,0,0,0
"I, Anna",0,0,0
Bigil,0,0,0
Heckler,0,250000,-250000
Pushing Hands,152322,400000,-247678
A Five Star Life,0,0,0
Half Light,0,0,0
Jaffa,0,0,0
Refusenik,0,0,0
Michael Jordan: His Airness,0,0,0
Battles Without Honor and Humanity: Deadly Fight in Hiroshima,0,125000,-125000
Left Behind,0,0,0
The Hiding Place,0,0,0
CBGB,40400,5000000,-4959600
I Used to Be Darker,0,0,0
Dead or Alive,0,4615,-4615
The Hunting of the President,0,0,0
The Oblong Box,0,175000,-175000
Nothing Like the Holidays,0,0,0
C.H.U.D.,3412497,1250000,2162497
The Killer Is Loose,0,0,0
Detective Chinatown,0,0,0
Phantasm: Ravager,0,0,0
Charlotte Rampling: The Look,0,0,0
The Vessel,0,5000000,-5000000
A Fat Wreck,0,0,0
The World Made Straight,0,0,0
Orphans,49501,0,49501
Phil Spector,0,0,0
Waqt: The Race Against Time,0,0,0
Streamers,0,0,0
Mexican Gangster,0,1000000,-1000000
Christmas in the Clouds,0,3000000,-3000000
The Golden Era,0,0,0
Tenderness,0,0,0
Whitewash,0,0,0
Wish Upon,14301505,12000000,2301505
Kelly + Victor,0,0,0
The Weight of Water,109130,16000000,-15890870
The Wedding Year,41767,0,41767
Africa Screams,0,0,0
The Ash Lad: In the Hall of the Mountain King,0,0,0
Come Drink with Me,0,0,0
Square One,0,0,0
The Devil's Carnival,0,500000,-500000
Tough Guy: The Bob Probert Story,0,0,0
Almost Friends,0,0,0
Chandni,0,0,0
Love Stinks,0,0,0
Australia: Land Beyond Time,0,0,0
Local Color,32788,3250000,-3217212
The Wasted Times,0,0,0
Path to War,0,17000000,-17000000
Vampire Cleanup Department,0,0,0
Attack of the Killer Tomatoes!,0,90000,-90000
Ava,0,0,0
Forgetting the Girl,0,200,-200
Nuclear Nation,0,0,0
Partisan,0,0,0
Circle of Iron,0,0,0
Golgo 13: The Professional,0,0,0
Red Knot,0,80,-80
Jomonte Suvisheshangal,6000000,1000000,5000000
The Viral Factor,0,0,0
American Teacher,0,0,0
Another Happy Day,355688,4000000,-3644312
Broken Ceiling,0,0,0
Caroline and Jackie,0,0,0
Atari: Game Over,0,0,0
Ninja: Shadow of a Tear,0,0,0
Mama Africa,0,0,0
$ellebrity,0,0,0
Preaching to the Perverted,0,0,0
Brick Lane,0,0,0
The Door,0,0,0
Lucky and Zorba,0,0,0
The Heart of Man,0,0,0
The Window,0,0,0
Policeman,0,0,0
Mythica: A Quest for Heroes,0,0,0
Blood Car,0,0,0
Demon,0,0,0
Dream a Little Dream,5552441,0,5552441
Wendigo,0,0,0
Abundant Acreage Available,0,0,0
The Story of Lovers Rock,0,0,0
Prem Ratan Dhan Payo,67000000,23400000,43600000
Bad Ass,0,0,0
The Mind's Eye,0,0,0
Perfect Obedience,0,0,0
Madame Tutli-Putli,0,0,0
Outcast,0,0,0
"Park Avenue: Money, Power & The American Dream",0,0,0
Nobel Son,333912,4000000,-3666088
Web Junkie,0,0,0
Sharknado 2: The Second One,0,0,0
Shakespeare High,0,0,0
Halima's Path,0,0,0
Ed and His Dead Mother,0,0,0
Chillerama,0,0,0
The Last Witness,0,0,0
Hollow,0,0,0
Marilyn Hotchkiss' Ballroom Dancing & Charm School,0,2500000,-2500000
Children Shouldn't Play with Dead Things,0,70000,-70000
Videocracy,1179676,700000,479676
Troubled Water,0,0,0
RFK Must Die: The Assassination of Bobby Kennedy,0,0,0
Adam Resurrected,0,10000000,-10000000
Flowers in the Attic,15151736,0,15151736
Lifted,0,0,0
Article 99,6375979,18000000,-11624021
Maya the Bee Movie,0,0,0
A Liar's Autobiography: The Untrue Story of Monty Python's Graham Chapman,0,0,0
Rainy Dog,0,0,0
Muhammad Ali's Greatest Fight,0,0,0
Plush,0,0,0
April 9th,0,0,0
Aaltra,0,0,0
The Discoverers,0,0,0
Britain's Greatest Codebreaker,0,0,0
Something to Sing About,0,0,0
Video Games: The Movie,0,0,0
A Summer Dress,0,0,0
Kanan Gill: Keep It Real,0,0,0
Grateful Dawg,0,0,0
The Gamers: Dorkness Rising,0,0,0
The Dark Backward,0,0,0
Half of a Yellow Sun,0,0,0
Sweeney Todd,0,0,0
Fleetwood Mac: The Dance,0,0,0
The Great New Wonderful,0,0,0
Bio-Dome,0,15000000,-15000000
Road to the Well,0,0,0
Collaborator,0,0,0
A Short History of Decay,0,0,0
The Pirogue,0,0,0
Wrath of Silence,0,0,0
Beloved Sisters,0,0,0
Split Second,5430822,7000000,-1569178
"Michael Jordan, Above and Beyond",0,0,0
The Last Survivors,0,0,0
Hunterrr,0,0,0
Mademoiselle Paradis,0,0,0
Neurons to Nirvana,0,0,0
Spanish Lake,0,0,0
Ok Jaanu,345872,0,345872
Escape Plan: The Extractors,18,36,-18
Fake It So Real,0,0,0
Colin Quinn: Long Story Short,0,0,0
1 Night,0,0,0
Addicted,0,0,0
Oblivion Verses,0,0,0
Beautiful Something,0,0,0
Preservation,0,0,0
So Undercover,0,0,0
Entanglement,0,0,0
My Lucky Stars,0,0,0
Lapland Odyssey,0,0,0
Seethamma Vakitlo Sirimalle Chettu,0,0,0
G.I. Blues,0,0,0
Meet the Mormons,0,0,0
Fanny,0,0,0
Ten Little Indians,0,0,0
Asterix the Gaul,0,0,0
Cavemen,0,0,0
Grave Encounters 2,0,0,0
Camp Takota,0,0,0
The Atoning,0,0,0
Dedh Ishqiya,0,0,0
The Mend,0,0,0
New York Doll,0,0,0
Patch Town,0,0,0
Griffin & Phoenix,0,0,0
Gigantic,165888,0,165888
The Final Season,0,0,0
Free the Mind,0,0,0
How the Beatles Changed the World,0,0,0
With Great Power - The Stan Lee Story,0,0,0
Steel City,0,0,0
The Amateurs,0,0,0
The Ghoul,0,0,0
The Devil's Violinist,11294,0,11294
Unfinished Business,14431253,35000000,-20568747
Ticked-Off Trannies with Knives,0,0,0
The Princess and the Pilot,0,0,0
The Seduction of Mimi,0,0,0
The Good Catholic,0,0,0
Keeping Rosy,0,0,0
Time Traveller: The Girl Who Leapt Through Time,0,0,0
Thaanaa Serndha Koottam,0,0,0
Nate & Margaret,0,0,0
Shubh Mangal Zyada Saavdhan,0,0,0
Crazy Mama,0,0,0
Pitfall,0,0,0
A Simple Curve,0,0,0
The Coca-Cola Kid,0,0,0
Vazhakku Enn 18/9,0,0,0
Ajab Prem Ki Ghazab Kahani,26000000,0,26000000
All About the Money,0,0,0
Uttama Villain,0,0,0
Slice,0,1000000,-1000000
Dearest,0,0,0
Message Man,0,0,0
Nora,0,0,0
The Challenger Disaster,0,175000,-175000
Kaagaz Ke Phool,0,0,0
For Grace,0,0,0
Play the Game,0,3200000,-3200000
Combat Girls,0,0,0
God of Love,0,0,0
Friends (With Benefits),0,0,0
Dakota Skye,0,0,0
Bruno,0,10000000,-10000000
The Sheik,0,0,0
Genius on Hold,0,0,0
Hey Hey It's Esther Blueburger,0,6000000,-6000000
Vice Squad,0,0,0
Blueberry,0,53000000,-53000000
The Yellow Wallpaper,0,1500000,-1500000
Fine Dead Girls,0,0,0
Illuminata,0,0,0
The Secret Diaries of Miss Anne Lister,0,0,0
Freeway II: Confessions of a Trickbaby,0,0,0
Road to Nowhere,27046,5000000,-4972954
Edie & Thea: A Very Long Engagement,0,0,0
Robot Overlords,0,21000000,-21000000
Tower Block,0,0,0
Bait,0,35000000,-35000000
My Father And The Man In Black,0,0,0
Firaaq,0,0,0
Space Pirate Captain Harlock: Arcadia of My Youth,0,0,0
Sennentuntschi,0,0,0
Zenith,0,0,0
Thamizh Padam,0,0,0
Girltrash: All Night Long,0,0,0
The Last Warrior,30060061,8250000,21810061
Buddy,2575055,0,2575055
Around the Block,0,0,0
Angry Video Game Nerd: The Movie,0,325927,-325927
Unraveled,0,0,0
Everyday People,0,0,0
Robot Carnival,0,0,0
Dead Heat,0,5000000,-5000000
The House by the Sea,0,0,0
Walt Before Mickey,0,0,0
Bang Bang Baby,0,1000000,-1000000
Day of Anger,0,0,0
Tilt,0,0,0
Final Girl,0,0,0
Unforgettable,0,18000000,-18000000
Camila,0,0,0
Wild Bill,2193982,30000000,-27806018
Falling Overnight,0,50000,-50000
Happiness Continues,0,0,0
Desert Blue,100590,2000000,-1899410
Guncrazy,0,800000,-800000
The Twilight of the Golds,0,0,0
All I See Is You,646946,30000000,-29353054
Pressure,0,0,0
The Girl,0,0,0
Entertaining Angels - The Dorothy Day Story,711872,0,711872
Out of the Blue,0,0,0
Hostile Border,0,0,0
Sweet Rush,0,0,0
Maine Pyar Kiya,0,0,0
The Curiosity of Chance,0,0,0
Hank and Asha,0,0,0
Walter,0,700000,-700000
The Memphis Belle: A Story of a Flying Fortress,0,0,0
Nostradamus,0,0,0
Grand Theft Parsons,0,0,0
Swimfan,0,8500000,-8500000
Kung Fu Elliot,0,0,0
The Million Pound Note,0,0,0
Discreet,0,0,0
Warm Springs,0,0,0
The Living Wake,0,0,0
Businessman,0,0,0
In a Year with 13 Moons,0,0,0
War on Whistleblowers: Free Press and the National Security State,0,0,0
Breaking & Exiting,49078000,6000000,43078000
The Revival,0,0,0
The Legend of the Holy Drinker,0,0,0
Animal,0,0,0
Anguish,0,0,0
Bleeding Steel,0,65000000,-65000000
Flytrap,0,0,0
Christmas Story,19294144,0,19294144
Naked as We Came,0,0,0
Duel to the Death,0,0,0
Where the Lilies Bloom,0,0,0
Why We Fight: The Nazis Strike,0,0,0
Paris Was a Woman,0,0,0
For Ellen,0,0,0
The Adventurer: The Curse of the Midas Box,6399,25000000,-24993601
Shot,0,0,0
Lad: A Yorkshire Story,0,0,0
Female Prisoner Scorpion: Beast Stable,0,0,0
Google and the World Brain,0,0,0
Süskind,0,0,0
Plastic China,0,0,0
The Object of Beauty,0,0,0
Milton's Secret,0,0,0
George Carlin: What Am I Doing in New Jersey?,0,0,0
Kill Your Friends,0,0,0
Betrayed,0,0,0
1981,0,0,0
Sundown,0,0,0
Kid with the Golden Arm,0,0,0
Dead or Alive 2: Birds,0,0,0
Steven Banks: Home Entertainment Center,0,0,0
Cut Snake,0,0,0
Leon The Pig Farmer,0,1000000,-1000000
In Pursuit of Honor,0,0,0
Tara Road,875898,12000000,-11124102
"Inner Worlds, Outer Worlds",0,0,0
CodeGirl,0,0,0
Accidentally Engaged,0,0,0
England Is Mine,0,0,0
The Ladies Man,13700000,24000000,-10300000
Life Without Principle,0,0,0
A Midsummer Night's Dream,0,0,0
Blackball,48000,0,48000
Shinjuku Triad Society,0,0,0
Adieu Galaxy Express 999,0,0,0
Knockabout,0,0,0
House II: The Second Story,7800000,0,7800000
Starstruck,0,0,0
Atlas Shrugged: Part II,0,0,0
Desert Runners,0,0,0
The Frame,0,0,0
American Renegades,2602149,66190000,-63587851
Cherry Tree Lane,0,0,0
Good,59192128,25000000,34192128
The Duke Is Tops,0,0,0
Vegucated,0,0,0
Stark Raving Mad,0,5000000,-5000000
Attack of the Crab Monsters,0,70000,-70000
Strangerland,111107,10000000,-9888893
Immortal Demon Slayer,0,0,0
Werner Herzog Eats His Shoe,0,0,0
Martyr,0,0,0
Blood Ransom,0,0,0
Hick,0,0,0
Eating Out: All You Can Eat,0,0,0
Mad Cowgirl,0,0,0
Muse,0,0,0
Nurse.Fighter.Boy,0,0,0
Hello Guru Prema Kosame,5479646,2123894,3355752
Two Acres of Land,0,0,0
Small Time,0,0,0
Almost an Angel,6939946,25000000,-18060054
All Summers End,0,0,0
Madonna: Sticky & Sweet Tour,0,0,0
Radio Free Albemuth,0,3600000,-3600000
Blood and Chocolate,0,0,0
Our Love Story,0,0,0
Mashaal,0,0,0
Sabata,0,0,0
The Railway Children,0,0,0
17 Miracles,0,0,0
Bite,0,0,0
A Bird of the Air,0,0,0
Fukrey Returns,0,0,0
The Ultimate Life,0,0,0
Fanney Khan,0,0,0
For Pete's Sake,0,0,0
Coin Locker Girl,0,0,0
Heaven,0,0,0
High Fantasy,0,0,0
The Arrested Development Documentary Project,0,75000,-75000
Original Gangstas,3014000,4800000,-1786000
1000 To 1,0,0,0
Ditto,0,0,0
"Lewis Black: Red, White & Screwed",0,0,0
Beyond The Sky,0,1500000,-1500000
Two Ninas,0,0,0
Song One,32251,6000000,-5967749
Day Dreams,0,0,0
Harlequin,0,0,0
Marfa Girl,0,2000000,-2000000
Higher,0,0,0
Uncertain Terms,0,0,0
Kill Chain,0,0,0
The Great Gabbo,0,0,0
Redbad,0,8155000,-8155000
"Tad, the Lost Explorer",23000000,10500000,12500000
Marius,0,0,0
PressPausePlay,0,0,0
The Hollow Point,1271880,0,1271880
The Homestretch,0,0,0
Michael Jordan: Come Fly with Me,0,0,0
Matango,0,0,0
Masti,39000000,0,39000000
Reclaiming the Blade,0,300000,-300000
I Am Secretly An Important Man,0,0,0
Go Further,0,0,0
What Remains,0,1000000,-1000000
Gotti,4343227,10000000,-5656773
Chalti Ka Naam Gaadi,0,0,0
Mary and Martha,0,0,0
Days of Grace,0,0,0
"Lipstick & Dynamite, Piss & Vinegar: The First Ladies of Wrestling",0,0,0
George Carlin: Carlin on Campus,0,0,0
Crazy As Hell,0,1800000,-1800000
Sassy Pants,0,0,0
Etoiles: Dancers of the Paris Opera Ballet,0,0,0
Goodbye World,0,0,0
Heart of the Dragon,0,0,0
Kill Me Later,0,0,0
Strange Wilderness,6575282,0,6575282
Mister Rogers: It's You I Like,0,0,0
Chongqing Hot Pot,0,0,0
Conduct Unbecoming,0,0,0
The Evening Star,12767815,0,12767815
Blue Gold: World Water Wars,0,100000,-100000
The Woman in the Fifth,0,0,0
Just Write,0,0,0
Dirty Ho,0,0,0
Class of Nuke 'Em High,0,2000000,-2000000
A Good Marriage,0,0,0
Man Vs.,0,1500000,-1500000
A Night in Old Mexico,0,2000000,-2000000
Houdini,0,0,0
Kabul Express,0,0,0
Antboy,0,0,0
Home of the Brave,0,12000000,-12000000
Drunks,0,0,0
Cops vs. Thugs,0,0,0
Yamadonga,0,0,0
Under an Arctic Sky,0,0,0
The Strange Woman,0,0,0
Elephant,0,0,0
Leo's Room,0,0,0
Only When I Laugh,0,0,0
Raid on Entebbe,0,0,0
Sea Prince and the Fire Child,0,0,0
The Last Descent,0,0,0
Electra,0,0,0
Fearless Hyena,0,0,0
Rendez-Vous,0,0,0
Tashi and the Monk,0,0,0
A Little Trip to Heaven,0,12000000,-12000000
Unity,0,0,0
Strays,0,0,0
The Chaperone,0,0,0
Monster Camp,0,0,0
Cast a Deadly Spell,0,0,0
Until Forever,0,0,0
I Walk the Line,0,4000000,-4000000
Disco Dancer,0,0,0
Savage Streets,0,0,0
The City of Your Final Destination,0,0,0
Rhymes for Young Ghouls,0,0,0
Aya,0,0,0
The Penguin King,0,0,0
Copwatch,0,0,0
"Bruce Lee, My Brother",0,0,0
Redemption Road,0,0,0
If so,22017,0,22017
Citizen Koch,0,0,0
Why We Ride,0,0,0
Befikre,9600000,15500000,-5900000
Ben Hur,164000000,15000000,149000000
Black Ruby,0,0,0
Master,0,0,0
The Last Broadcast,0,0,0
Khiladi,0,0,0
Ovum,0,0,0
Bey Yaar,0,0,0
Morlang,0,500000,-500000
Mourning Son,0,0,0
If I Were You,0,0,0
The 25th Anniversary Rock and Roll Hall of Fame Concerts,0,0,0
Escape from Firebase Kate,0,0,0
Mom at Sixteen,0,0,0
Project A-Ko,0,0,0
Skirt Day,0,0,0
Maayavan,0,0,0
Falling Angels,0,0,0
Don't Worry Baby,0,0,0
Love Is All You Need?,0,0,0
The Dungeon Masters,0,0,0
Who Is Cletis Tout?,252706,9000000,-8747294
Annamalai,0,0,0
Air,0,0,0
The White Meadows,0,0,0
Age of Heroes,0,0,0
Sidekick,0,0,0
X/Y,0,0,0
The Little Traitor,0,0,0
Coming To My Senses,0,0,0
Geronimo,0,0,0
All Mistakes Buried,0,0,0
Executioners from Shaolin,0,0,0
Molly,0,21000000,-21000000
Gehenna: Where Death Lives,0,0,0
As I Lay Dying,0,0,0
The New Radical,0,0,0
The Rolling Stones: Sweet Summer Sun - Hyde Park Live,0,0,0
Furious,1238764765,250000000,988764765
Beyond the Time Barrier,0,125000,-125000
Brothers of the Wind,0,0,0
The Freebie,0,0,0
The Lady Without Camelias,0,0,0
Affinity,0,0,0
Shortwave,350000,0,350000
Saaransh,0,0,0
Sherlock Holmes and the Secret Weapon,0,0,0
Four Seasons Lodge,0,0,0
Vessel,0,0,0
Duelle,0,0,0
Sodom and Gomorrah,0,0,0
Germans & Jews,0,0,0
The Aryan Couple,0,0,0
Jackals,0,0,0
Beacon Point,0,0,0
PlantPure Nation,0,0,0
And While We Were Here,0,0,0
After the Ball,234417,0,234417
YellowBrickRoad,0,500000,-500000
The Falls: Testament Of Love,0,0,0
The Japanese Wife,0,0,0
Safe House,0,0,0
The Phoenix Incident,0,1300000,-1300000
Black Moon Rising,6637565,0,6637565
Mithya,0,0,0
Desert Saints,0,0,0
Rage,0,0,0
Faith Connections,0,550000,-550000
Tarzan of the Apes,0,0,0
Bank Chor,0,0,0
Jack and the Beanstalk,0,0,0
Riders,0,0,0
Gunde Jaari Gallanthayyinde,0,0,0
Transylvania 6-5000,0,0,0
Under The Greenwood Tree,0,0,0
All the Wilderness,0,0,0
Shine,0,0,0
Khamoshi: The Musical,0,0,0
Castles in the Sky,0,0,0
Alien Trespass,0,0,0
Ley Lines,0,0,0
Zorro,0,0,0
King's Faith,0,0,0
Sins of My Father,0,0,0
Anukokunda Oka Roju,0,0,0
Exte: Hair Extensions,0,0,0
The Perfect Stranger,0,100000,-100000
Not Wanted,0,0,0
Theevram,0,0,0
The Tamarind Seed,0,0,0
The Piper,0,0,0
Key of Life,0,0,0
The David Dance,0,0,0
Schweigeminute,0,0,0
Clancy,0,0,0
Somewhere Else Tomorrow,0,0,0
House Arrest,0,0,0
The Cat Came Back,0,0,0
The Baker,0,0,0
Five Fingers of Death,0,0,0
Retake,0,0,0
Bombay to Goa,0,0,0
The Devil Bat,0,0,0
My Little Bride,0,0,0
Weightless,0,0,0
The Ghost Army,0,300,-300
Legacy of Rage,0,0,0
Warriors Two,0,0,0
Toonstone,0,0,0
Seven Days in Utopia,0,0,0
The Late Shift,0,6000000,-6000000
Caught,0,0,0
In the Line of Duty 4,0,0,0
Five Minarets in New York,0,12000000,-12000000
From the Hip,9518342,0,9518342
Ana Maria in Novela Land,0,0,0
Traded,0,0,0
The Last Sin Eater,0,0,0
Common,0,0,0
The Avenging Eagle,0,0,0
Scatter My Ashes at Bergdorf's,0,0,0
Crocodile Dundee in Los Angeles,39438674,21150000,18288674
A Little Help,96868,0,96868
Backlight,0,0,0
"Nancy, Please",0,0,0
Jonestown: Paradise Lost,0,0,0
Kadaikutty Singam,0,0,0
Sicario,0,0,0
The Christmas Toy,0,0,0
Bloodrunners,0,450000,-450000
Night on the Galactic Railroad,0,0,0
Greek Pete,0,0,0
3 Nights in the Desert,0,0,0
Alien Code,0,0,0
Indiscretion of an American Wife,0,0,0
In Search of Beethoven,0,0,0
The Loner,0,0,0
Return of the One-Armed Swordsman,0,0,0
An Unreal Dream: The Michael Morton Story,0,0,0
Tromeo & Juliet,0,350000,-350000
You Wont Miss Me,0,0,0
Uncle Nino,0,0,0
Final Cut,0,0,0
Women in Trouble,18097,3000000,-2981903
The Solitude of Prime Numbers,0,0,0
Valdez Is Coming,0,0,0
The Go-Between,0,0,0
Bring Me the Head of the Machine Gun Woman,0,0,0
War Of The Worlds The True Story,0,0,0
The Four Year Plan,0,0,0
Dark Night,0,0,0
Sparrows,966878,463455,503423
Amar Prem,0,10000000,-10000000
Slugs,0,0,0
The Mighty Peking Man,0,0,0
My Wife Is a Gangster 3,0,9000000,-9000000
Captivated: The Trials of Pamela Smart,0,0,0
Salam Neighbor,0,0,0
Little Forest,0,0,0
Successive Slidings of Pleasure,0,0,0
Female Prisoner Scorpion: Jailhouse 41,0,0,0
An American Affair,0,0,0
Boys of Abu Ghraib,0,0,0
The Doors - Live at the Bowl '68,0,600000,-600000
The Most Wonderful Time of the Year,0,0,0
Fuse: Memoirs of the Hunter Girl,0,0,0
Somewhere Slow,0,0,0
Penance,0,500000,-500000
The Sand,0,0,0
Mythica: The Godslayer,0,0,0
Red Hook Summer,0,0,0
Mr. Donkey,356255,0,356255
Escape Plan 2: Hades,0,0,0
Invasion of the Bee Girls,0,0,0
Acts of Violence,0,0,0
The Foul King,0,0,0
Dark Harbor,0,0,0
American Addict,0,0,0
Flowers for Algernon,0,0,0
Kissing Candice,0,0,0
Blood and Glory,0,0,0
Private Violence,0,0,0
Subject Two,0,0,0
Up the Creek,11708269,0,11708269
Trudell,0,0,0
Going to America,0,3500000,-3500000
FAT: A Documentary,0,0,0
They Wait,0,0,0
Killing Kasztner,0,0,0
The Longest Distance,0,0,0
The Italian Connection,0,0,0
Tapped,0,0,0
Kalank,0,0,0
No Rest for the Wicked,0,0,0
A Rumor of Angels,0,0,0
The Snowman and The Snowdog,0,0,0
Doors Cut Down,0,0,0
Ethos,0,500000,-500000
Range 15,0,0,0
The Satanic Rites of Dracula,544476,0,544476
Frat House,0,0,0
My Wife's Relations,0,0,0
Giuliani Time,0,0,0
When the Dragon Swallowed the Sun,0,0,0
Eaten Alive,0,520000,-520000
Dirty,0,3000000,-3000000
The Playroom,0,0,0
Weighed But Found Wanting,0,0,0
Wobble Palace,0,0,0
The Outrageous Sophie Tucker,0,0,0
Begum Jaan,0,0,0
The Forger,0,0,0
Dear Dictator,0,6700000,-6700000
Carlin at Carnegie,0,0,0
Tashan,0,0,0
Miss Meadows,0,2000000,-2000000
Tomorrow,0,0,0
The Sex Monster,0,0,0
Nostalgia,0,0,0
Ace High,0,0,0
Ktown Cowboys,0,0,0
Harvard Man,0,0,0
Do You Take This Man,0,0,0
Mullum Malarum,0,0,0
Psychonautics: A Comic's Exploration of Psychedelics,0,0,0
Terror Firmer,0,0,0
The Return of Swamp Thing,192816,4000000,-3807184
"Down, But Not Out!",0,0,0
To Live,0,0,0
House of Good and Evil,560000,150000,410000
Ragamuffin,0,0,0
Revolver,0,0,0
Roth on Roth,0,0,0
Triple Dog,0,0,0
Sharknado 3: Oh Hell No!,0,0,0
Churchill's Secret,0,0,0
The Last Reef: Cities Beneath the Sea,0,0,0
One Special Night,0,0,0
Phyllis and Harold,0,0,0
Flying Blind,0,0,0
Möbius,0,0,0
Maine,0,0,0
White Lion,0,0,0
Beneath Clouds,0,0,0
Algiers,0,0,0
Three Brothers,0,0,0
Phas Gaye Re Obama,0,0,0
Iru Mugan,0,0,0
Deadlier Than the Male,0,0,0
Traffic,0,0,0
Waiter,34912,0,34912
How Long Will I Love U,0,0,0
Watchtower,0,0,0
Dorfman in Love,0,0,0
Morgan,0,0,0
A River Called Titas,0,0,0
Motives,0,0,0
Men in the Arena,0,0,0
The Secret Life of Chaos,0,0,0
The People That Time Forgot,0,0,0
A Turtle's Tale 2: Sammy's Escape from Paradise,0,0,0
Jagte Raho,0,0,0
388 Arletta Avenue,0,0,0
Bujjigadu,0,0,0
The Danish Poet,0,0,0
Jaanu,0,0,0
Abattoir,0,0,0
Kilimanjaro - To the Roof of Africa,0,0,0
Bent,55429,0,55429
The Black Cat,0,0,0
Black Jack: The Movie,0,0,0
Big Buck Bunny,0,150000,-150000
Li'l Abner,0,0,0
Snails in the Rain,0,0,0
A Dog Named Gucci,0,0,0
Hum,0,0,0
Altar,0,0,0
Demon City Shinjuku,0,0,0
Robotech: The Shadow Chronicles,0,0,0
Shadows of Liberty,0,0,0
Susie's Hope,0,0,0
Rough Stuff,0,0,0
The Purple Plain,0,2000000,-2000000
Old Gringo,0,0,0
Modest Reception,0,0,0
Made in France,0,0,0
Stadium Anthems,0,1000000,-1000000
An Eye for an Eye,0,0,0
Consent,0,0,0
Shadowlands,0,0,0
Smuggling Hendrix,0,0,0
The Loss of a Teardrop Diamond,0,0,0
The Lesser Blessed,0,0,0
The Falls: Covenant of Grace,0,0,0
Women Talking Dirty,0,0,0
Child of God,0,0,0
"Careful, He Might Hear You",0,0,0
Unseen,0,0,0
Disfigured,0,0,0
Explicit Ills,0,1500000,-1500000
My Son,0,0,0
A Wonderful Night in Split,0,500000,-500000
Chandni Bar,0,0,0
Boynton Beach Club,0,0,0
Planeat,0,0,0
Toys in the Attic,0,0,0
"Run, Man, Run",0,0,0
All the King's Men,0,0,0
Puberty Blues,0,0,0
Strange Nature,0,0,0
The Inhabitants,0,0,0
The Pebble and the Penguin,3983912,28000000,-24016088
Casa Amor: Exclusive for Ladies,0,28600000,-28600000
Crush,0,0,0
Divine Access,0,0,0
"Django Kill... If You Live, Shoot!",0,0,0
Maya Dardel,0,0,0
Black Beauty,0,0,0
One Perfect Day,0,0,0
Gentleman,46434570,0,46434570
Messiah of Evil,0,0,0
Pauly Shore Is Dead,0,0,0
The Roman Spring of Mrs. Stone,0,110,-110
Blind Woman's Curse,0,0,0
Empire of Lust,0,0,0
Another Man's Poison,0,0,0
Ninnu Kori,0,0,0
"Easy Come, Easy Go",0,0,0
Doc,0,0,0
Christmas for a Dollar,0,0,0
The Beyond,0,0,0
Totally Bill Hicks,0,0,0
Arthur Newman,0,0,0
Big Legend,0,0,0
Ten 'til Noon,0,750000,-750000
Chapter 27,0,0,0
Ek Duuje Ke Liye,0,0,0
Page 3,0,0,0
Left Behind II: Tribulation Force,0,0,0
Harbinger Down,0,0,0
An Apology to Elephants,0,0,0
New Rose Hotel,21521,0,21521
Guptodhoner Sondhane,0,0,0
Golmaal Returns,0,0,0
Bless the Child,0,40000000,-40000000
Alive Day Memories: Home from Iraq,0,0,0
Shaolin Temple,0,0,0
Man On a Mission: Richard Garriott's Road to the Stars,0,0,0
X: The Unheard Music,0,0,0
Street Law,0,0,0
Will,225933435,10000000,215933435
Who Saw Her Die?,0,1000000,-1000000
Are You Here,0,0,0
Making Babies,0,0,0
Murder Rap: Inside the Biggie and Tupac Murders,0,0,0
Wedding Dress,0,0,0
The Business of Amateurs,0,0,0
Bernard and Doris,0,0,0
Bathory: Countess of Blood,7005528,17610801,-10605273
Sunset Strip,0,0,0
Yeh Dillagi,0,0,0
Man Friday,0,0,0
Louise by the Shore,0,0,0
Malevolence 3: Killer,0,0,0
Emma's Chance,0,0,0
What Happened in Vegas,0,0,0
Bill Maher: The Decider,0,0,0
Jilla,18000000,8000000,10000000
Days of Darkness,0,0,0
Innocent Steps,0,0,0
Galore,0,0,0
Honeyglue,0,0,0
Classic Albums: Iron Maiden - The Number of the Beast,0,0,0
Ajnabee,0,0,0
Down the Shore,0,0,0
The Skull,0,0,0
Love Live! The School Idol Movie,21000000,0,21000000
The Boy Whose Skin Fell Off,0,0,0
Mirch Masala,0,0,0
Clifford's Really Big Movie,0,0,0
Postman Pat: The Movie,0,0,0
The Grand Duel,0,0,0
Lego Scooby-Doo! Knight Time Terror,0,0,0
Demonte Colony,0,0,0
Pipe Dream,0,0,0
Local Boys,0,0,0
The Mutilator,0,0,0
An Angel for May,0,0,0
Empire of the Wolves,11875866,24000000,-12124134
Wolf Warrior,80000000,12000000,68000000
The Eagle,0,0,0
Gravy,0,0,0
Sharknado 5: Global Swarming,0,3000000,-3000000
Between the Folds,0,0,0
The Night Visitor,0,0,0
96 Souls,0,0,0
Dead or Alive: Final,0,0,0
Scorched Earth,0,0,0
"Yes, Virginia",0,0,0
Veeram,19000000,5900000,13100000
Bomber,0,0,0
Origin Story,0,0,0
Invincible Shaolin,0,0,0
Go for Broke!,0,0,0
Maari,0,0,0
Despite the Falling Snow,0,0,0
Waqt,0,0,0
Anina,0,0,0
"Bill Maher: ""... But I'm Not Wrong""",0,0,0
Three and Out,0,0,0
Death of a Cheerleader,0,0,0
Alien Boy: The Life and Death of James Chasse,0,0,0
Pulling John,0,0,0
Icebreaker,0,10000000,-10000000
Alabama Moon,47305,0,47305
The Passion of Darkly Noon,0,0,0
You & I,11486,0,11486
Love Meetings,0,0,0
Mere Yaar Ki Shaadi Hai,0,0,0
Classic Albums: Nirvana - Nevermind,0,0,0
One More Time,0,0,0
The Man Who Saw Too Much,0,0,0
The First of the Few,0,0,0
The Way I Spent the End of the World,0,0,0
One Million Dubliners,0,0,0
The Red Queen Kills Seven Times,0,0,0
Howard Lovecraft & the Frozen Kingdom,0,0,0
Irresistible,0,0,0
Dear Santa,0,0,0
A Frosty Affair,0,0,0
Tim,809000,600000,209000
Bounty,0,0,0
Officers,0,0,0
Red Flag,0,0,0
Molly Moon and the Incredible Book of Hypnotism,0,0,0
Cinema Verite,0,0,0
"Love, Kennedy",0,0,0
Shaan,0,0,0
The Vampire Bat,0,0,0
Burial Ground,0,0,0
Our City Dreams,0,0,0
Nancy Drew... Reporter,0,0,0
Venky Mama,10000000,3500000,6500000
Wild Combination: A Portrait of Arthur Russell,0,0,0
My First Miracle,0,0,0
The Nature of Existence,0,0,0
Arcadia,0,0,0
The Timber,0,0,0
JFK: The Smoking Gun,0,0,0
Aradhana,0,0,0
Mad Monkey Kung Fu,0,0,0
The Sensation of Sight,0,0,0
They Nest,0,4000000,-4000000
Grant Morrison: Talking with Gods,0,0,0
Skills Like This,0,0,0
The Empire in Africa,0,0,0
Uranya,0,0,0
The Fanatic,3153,18000000,-17996847
Samurai Cop,0,0,0
Baked in Brooklyn,0,0,0
Bad Kids Go To Hell,0,0,0
Cottage Country,0,0,0
Starcrash,0,0,0
Arima Nambi,0,0,0
Infestation,0,0,0
Legends of the Knight,0,0,0
Madhouse,0,0,0
Sriracha,0,20000,-20000
I Witness,0,8,-8
Ellen DeGeneres: Here and Now,0,0,0
Aakrosh,0,0,0
Becoming Zlatan,0,0,0
Death in Buenos Aires,0,500000,-500000
14+,173616,0,173616
111 Girls,0,0,0
Certain Prey,0,0,0
Artificial Paradises,0,0,0
One of Our Aircraft Is Missing,0,0,0
Kathleen Madigan: Gone Madigan,0,0,0
That Gal...Who Was in That Thing: That Guy 2,0,0,0
Ephraim's Rescue,0,0,0
Generation Aami,0,0,0
"Bless You, Prison",0,300000,-300000
Roads to Koktebel,0,0,0
Butterfly Kisses,0,0,0
Easy Money III: Life Deluxe,0,0,0
Welcome to Happiness,0,0,0
Baghdad ER,0,0,0
Mad As Hell,0,0,0
Babar: The Movie,0,0,0
El Alamein,0,0,0
Graduation Day,0,0,0
Zus & Zo,0,0,0
The Case of the Bloody Iris,0,0,0
Eichmann,0,8000000,-8000000
Diana Krall: Live in Paris,0,0,0
Finding Family,0,0,0
Spin,0,0,0
Madha,0,0,0
...And Your Name Is Jonah,0,0,0
The Darkness,10898293,4000000,6898293
Beyond the Myth: A Film About Pit Bulls and Breed Discrimination,0,100000,-100000
Yessongs,0,0,0
The Akron Holy War,0,0,0
A Chairy Tale,0,0,0
Last of the Renegades,0,0,0
The Battle of Pussy Willow Creek,0,0,0
Home Sweet Hell,0,3000000,-3000000
Programming The Nation?,0,0,0
Krantiveer,0,0,0
Battles Without Honor and Humanity: Police Tactics,0,125000,-125000
The Matchbreaker,0,0,0
Dead Rising: Watchtower,0,0,0
In Search of Blind Joe Death: The Saga of John Fahey,0,0,0
Any Bullet Will Do,0,0,0
The Living,0,500000,-500000
Shaolin Prince,0,0,0
Jack the Giant Killer,0,0,0
Einstein's God Model,0,0,0
Three Worlds,0,0,0
The Entitled,0,0,0
Dive!,0,0,0
Mythica: The Necromancer,0,0,0
Bhaagamathie,0,0,0
Stage Door Canteen,0,0,0
Bloody Tie,0,0,0
Broadway Damage,0,0,0
Hulchul,0,0,0
Mythica: The Iron Crown,0,0,0
Hansel and Gretel Get Baked,0,4500000,-4500000
33 Postcards,0,0,0
Loverboy,0,0,0
Babysitter Wanted,0,0,0
Blood Bound,0,0,0
Blame,0,0,0
Chitchor,0,0,0
Born Innocent,0,0,0
Mediastan,0,0,0
Saints and Soldiers: Airborne Creed,0,0,0
The Tune,0,0,0
Bisbee '17,0,0,0
A Girl Like Grace,0,0,0
My Boss's Daughter,0,14000000,-14000000
Swim Little Fish Swim,354877,70000,284877
The Fabulous Allan Carr,0,0,0
American Experience: Tesla,0,0,0
Viral Beauty,0,0,0
Lewis Black: Black on Broadway,0,0,0
Against All Flags,0,0,0
Frightmare,0,0,0
Zombie Ninjas vs Black Ops,0,0,0
Namak Haraam,0,0,0
Treading Water,0,4700000,-4700000
Glen or Glenda,0,0,0
Othello,0,0,0
Sacrifice,0,0,0
In Vogue: The Editor's Eye,0,0,0
Eurocrime! The Italian Cop and Gangster Films That Ruled the '70s,0,0,0
Reaper,0,0,0
Hungry Wives,0,90000,-90000
Killswitch,0,0,0
Turkey Bowl,0,0,0
The Big Bad Swim,0,0,0
Evidence,0,0,0
Witch's Night Out,0,0,0
"You're the Greatest, Charlie Brown",0,0,0
Vikings: Journey to New Worlds,0,0,0
Female Prisoner Scorpion: Grudge Song,0,0,0
The Boys from County Clare,0,0,0
Three Wishes,7025496,0,7025496
The Conscientious Objector,0,0,0
Kushi,0,0,0
Attack of the Giant Leeches,0,0,0
Moving Midway,0,0,0
Dead of Night,0,0,0
Thunder Alley,0,0,0
Benjamin Troubles,0,0,0
The Murder at Road Hill House,0,0,0
Sethupathi,0,0,0
Main Khiladi Tu Anari,0,0,0
Something Ventured,0,0,0
An American Girl: Chrissa Stands Strong,0,0,0
The Soul of Success: The Jack Canfield Story,0,0,0
Akele Hum Akele Tum,0,0,0
Jimmy O. Yang: Good Deal,0,0,0
No Letting Go,0,500000,-500000
Turkey Shoot,0,32000000,-32000000
Blood Rage,0,0,0
Rubberneck,0,0,0
Cocaine Prison,0,0,0
Elvis Meets Nixon,0,0,0
SlugTerra: Return of the Elementals,0,0,0
The Botany of Desire,0,0,0
Postal,0,0,0
The Secret of Nikola Tesla,0,0,0
Pot o' Gold,0,0,0
Billa II,0,0,0
Nomads,0,2278264,-2278264
Raja the Great,0,0,0
Santa & Andres,23229371,26000000,-2770629
Chasers,1596687,0,1596687
The Woman Who Wasn't There,0,0,0
Kelly's Hollywood,0,0,0
Ticks,0,2000000,-2000000
Slaughter Nick for President,0,0,0
St. John in Exile,0,0,0
Nota,0,0,0
My Fairy Tail Love Story,0,0,0
Savageland,0,0,0
Eating Out: The Open Weekend,0,0,0
Waterberry Tears,0,0,0
Vidal Sassoon: The Movie,0,0,0
Dancing Across Borders,0,0,0
The Clearstream Affair,0,0,0
Dirty 30,0,0,0
Nina Conti: Her Master's Voice,0,0,0
A Young Man With High Potential,0,180000,-180000
For the Birds,0,0,0
Leaving D.C.,0,0,0
One Winter Night,0,0,0
Black Belly of the Tarantula,0,0,0
Darkness Reigns,0,0,0
The New Public,0,0,0
Golden Years,0,0,0
Man About Town,0,0,0
Astitva,0,0,0
Kingdom of Shadows,0,0,0
Faces in the Crowd,0,15000000,-15000000
HENRi,0,0,0
Mythica: The Darkspore,0,0,0
All Hallows' Eve,0,0,0
Queen of Hearts,0,0,0
Love Ranch,0,0,0
Manufacturing Dissent,0,0,0
The Fighting Kentuckian,0,0,0
Speedway Junky,0,1000000,-1000000
Mister Rogers & Me,0,0,0
Amador,0,0,0
Johnny Cool,0,0,0
A Sister's Call,0,0,0
The Other Side of Sunday,0,0,0
North West Frontier,0,0,0
Heroes Shed No Tears,0,0,0
Dope Sick Love,0,0,0
The Big Racket,0,0,0
The Boxer from Shantung,0,520005,-520005
Machine Gun Preacher Documentary,0,0,0
Baabul,0,0,0
The Penitent Man,0,500,-500
Michael Jordan: Air Time,0,0,0
Sunburn,0,0,0
Winter Ridge,0,0,0
Barista,0,0,0
Radio Dreams,0,0,0
El Sistema,0,0,0
Off The Menu,0,0,0
Deathstalker II,0,0,0
Mellow Mud,0,0,0
Caged No More,114,0,114
The Trouble with Bliss,0,0,0
Sanctuary,0,0,0
Dead Man Running,0,5000000,-5000000
Dream Deceivers: The Story Behind James Vance vs. Judas Priest,0,0,0
The Hacker Wars,0,0,0
Berlin Tunnel 21,0,0,0
Seven Girlfriends,0,0,0
Jackboots on Whitehall,0,6000000,-6000000
Christmas Comes to Willow Creek,0,0,0
The Creepy Line,0,0,0
The Worst Year of My Life,0,0,0
"Lebanon, Pa.",0,0,0
Blue,0,0,0
Déjà Vu,0,0,0
They Made Me a Criminal,0,0,0
Mike Epps: Under Rated & Never Faded,0,0,0
Contraband,0,0,0
Aisha,0,3900000,-3900000
Patient Seven,0,0,0
The Jazz Loft According to W. Eugene Smith,0,0,0
Druid Peak,0,114000,-114000
Vedhalam,0,0,0
The Spies,0,0,0
Our Sons,0,0,0
A Christmas Tree Miracle,0,0,0
I Want to Marry Ryan Banks,0,0,0
I Won't Come Back,0,0,0
Closer to God,0,0,0
Wonderful Nightmare,0,0,0
Virus,0,0,0
The Preacher's Daughter,0,0,0
Late Night Trains,0,0,0
The Celestine Prophecy,615752,10000000,-9384248
The Invincible Armour,1191146,0,1191146
Malamaal Weekly,204,0,204
Iris: The Movie,0,0,0
Rise of the Superheroes,0,0,0
Meatball Machine,0,0,0
Watching the Detectives,0,2000000,-2000000
Why I Wore Lipstick to My Mastectomy,0,0,0
Electoral Dysfunction,0,0,0
Zig Zag,0,0,0
Mirzya,1500000,6750000,-5250000
Street Days,0,0,0
Fled,17193231,25000000,-7806769
Grassroots,0,0,0
A Is For Acid,0,0,0
The Real Inglorious Bastards,0,0,0
"Jasper, Texas",0,0,0
The Last Man,0,0,0
Headhunter,2258895,0,2258895
Daytime Drinking,0,0,0
Doug Stanhope: Beer Hall Putsch,0,0,0
Shaolin Kung-Fu Mystagogue,0,0,0
Eat With Me,0,0,0
The Rage of Paris,0,0,0
Lily C.A.T.,0,0,0
Sebastian,0,0,0
Axolotl Overkill,0,0,0
In the Dark Half,0,482910,-482910
Everything Beautiful Is Far Away,0,0,0
Maya the Bee: The Honey Games,0,0,0
Why We Fight: The Battle of Britain,0,0,0
Six Dance Lessons in Six Weeks,0,0,0
Personal Effects,0,0,0
Clara's Ghost,0,0,0
Sleeper's Wake,0,750000,-750000
Kids in Love,0,0,0
Three Night Stand,0,0,0
Danika,0,5000000,-5000000
Seducing Mr. Perfect,0,2800000,-2800000
Cold Ground,0,0,0
Nightjohn,0,0,0
Thoppil Joppan,7500000,0,7500000
George Carlin: Personal Favorites,0,0,0
Fitzwilly,0,0,0
Extraordinary: The Stan Romanek Story,0,0,0
"Gahan Wilson: Born Dead, Still Weird",0,0,0
Adelheid,0,0,0
A Horrible Woman,0,0,0
Rudolph the Red-Nosed Reindeer,0,0,0
Coda,0,0,0
The Woodcarver,0,3000000,-3000000
Art of the Prank,0,0,0
All American Bikini Car Wash,0,0,0
Chris Porter: Ugly and Angry,0,0,0
Judas Kiss,0,500000,-500000
Lucky Numbers,0,65000000,-65000000
Tattoo Nation,0,0,0
Slender Man,11817275,10000000,1817275
March or Die,0,0,0
Adira,0,0,0
Fiela's Child,0,0,0
K-11,0,0,0
Raja Babu,0,0,0
Official Rejection,0,0,0
Superheroes,0,0,0
In Tranzit,0,0,0
Love Me,0,0,0
The Statement,0,0,0
A Light Beneath Their Feet,0,0,0
Sticks & Stones,0,0,0
Shame,0,0,0
Rann,2000000,7500000,-5500000
Body of Sin,0,0,0
RiffTrax Live: Birdemic - Shock and Terror,0,0,0
Virtual Revolution,0,3200000,-3200000
Some Kind of Hate,0,0,0
Carpool,0,17000000,-17000000
The Phantom Lover,0,0,0
The Gambler,0,0,0
Bob and the Monster,0,0,0
A Pistol for Ringo,0,0,0
Dear Mr. Gacy,0,0,0
Karla,0,0,0
Beta Test,0,1600000,-1600000
National Lampoon Presents Electric Apricot: Quest for Festeroo,0,0,0
Oxy-Morons,0,3500000,-3500000
Samay: When Time Strikes,0,0,0
The Millionaire Tour,0,0,0
Madras,0,0,0
Remember the Daze,0,0,0
Chain Letter,143000,5000000,-4857000
Bijuli Machine,0,0,0
Love Games,0,0,0
Don's Party,0,0,0
The Directive,0,1600,-1600
Outpost,0,0,0
The Lookalike,0,0,0
Michael Jordan's Playground,0,0,0
Heartbeats,0,0,0
Sweet Sunshine,0,0,0
Death Walks on High Heels,0,0,0
In Our Nature,0,0,0
Spettacolo,0,0,0
Summer of Blood,0,0,0
The Last Outlaw,0,0,0
Brilliant Lies,0,0,0
Hidden Light,0,0,0
Sinbad: Where U Been?,0,0,0
The Final Terror,0,0,0
Bethany,32075,0,32075
Pad Na Jou Hart,0,0,0
The Neighbors,0,0,0
The Best Democracy Money Can Buy,0,0,0
Sleeping Dogs,0,308205,-308205
A Wind Named Amnesia,0,0,0
eCupid,0,0,0
Crawl,0,0,0
Tyson,0,0,0
Forgetting Dad,0,0,0
Flow: For Love of Water,0,0,0
Kaaki Sattai,0,0,0
Waking,0,0,0
The Wasp Woman,0,50000,-50000
Last Letters Home,0,0,0
Borrowed Time,0,0,0
The New One-Armed Swordsman,0,0,0
Evolution of Evil,0,0,0
Misogynist,0,0,0
Housewife,0,0,0
Hellbenders,0,0,0
Body,2634,0,2634
Greedy Lying Bastards,0,0,0
Mah e Mir,0,0,0
Sunshine Hotel,0,0,0
Swastika,0,0,0
The Bat,0,0,0
Josh: Independence Through Unity,230000,0,230000
Helicopter Mom,0,0,0
The Brain That Wouldn't Die,0,62000,-62000
The Stolen Princess: Ruslan and Ludmila,0,0,0
An American Carol,7000000,20000000,-13000000
Hunger,2724474,0,2724474
We Still Kill the Old Way,0,0,0
Anastasia,139804348,53000000,86804348
The Big Take,0,0,0
An Afghan Love Story,0,0,0
Fortress,0,5000000,-5000000
Magnetic,0,15000,-15000
DeepStar Six,8143225,8000000,143225
To Walk with Lions,0,0,0
Alex & Me,0,0,0
This Is Happening,0,0,0
The Farmer's Wife,0,0,0
Year of the Gun,0,1182273,-1182273
Full Throttle,0,0,0
Mickey Virus,0,0,0
The Boy in the Plastic Bubble,0,0,0
Gamera,0,360000,-360000
Art of Darkness,0,0,0
Mirage Men,0,0,0
Raju Ban Gaya Gentleman,0,0,0
Muhammad: Legacy of a Prophet,0,0,0
Care,0,0,0
Anegan,8200000,5200000,3000000
The Barn,0,0,0
Escape and Evasion,0,0,0
The Last Summer of La Boyita,0,0,0
Jack's Apocalypse,0,0,0
Wasting Away,0,1000000,-1000000
The Blackwell Ghost,0,0,0
Eleanor's Secret,0,0,0
The Battle Of Chosin,0,0,0
Shiver,0,0,0
Deewaar: Let's Bring Our Heroes Home,0,0,0
Antariksham 9000 KMPH,0,0,0
Yumeji,0,0,0
The Old Man and the Sea,0,0,0
Malevil,0,0,0
Poppy Shakespeare,0,0,0
Beyond the Pale,0,0,0
Special When Lit,0,0,0
Godspeed,0,0,0
The Wrong Arm of the Law,0,0,0
Mi America,3330,2100000,-2096670
Death Wish V: The Face of Death,1702394,5000000,-3297606
The Butterfly Murders,0,0,0
Harry Price: Ghost Hunter,0,0,0
Klunkerz,0,0,0
Marjaavaan,0,0,0
My Neighbor’s Wife,0,0,0
Lady Chatterley's Lover,0,0,0
Kati Patang,0,0,0
Little Soldiers,0,0,0
Half Ticket,0,0,0
2 Nights Till Morning,0,0,0
Wilderness Survival for Girls,0,500000,-500000
Zebra Lounge,0,0,0
The Greatest,0,0,0
Scrooge,0,0,0
My Trip to Al-Qaeda,0,0,0
Nada+,0,0,0
Swan Lake,0,0,0
Happily Ever After,0,0,0
The Poison Rose,323754,0,323754
I Accuse,0,0,0
The Hellbenders,0,0,0
Love Everlasting,0,0,0
Bride of the Monster,0,70000,-70000
Black Mountain Side,0,0,0
LolliLove,0,2000,-2000
Back to Bosnia,0,0,0
Don Q Son of Zorro,0,0,0
The Citizen,0,0,0
Cemetery Without Crosses,0,0,0
Altered Hours,0,0,0
Mitron,0,0,0
Street Dreams,122575,0,122575
Tiger Girl,0,0,0
Girl on a Bicycle,0,0,0
Daddy's Little Girl,0,0,0
Double Mommy,0,0,0
Monogamish,0,0,0
Masked Avengers,0,0,0
A Father's Choice,0,0,0
Refuge,0,100000,-100000
Omo Child: The River and the Bush,0,0,0
Fools on the Hill,0,0,0
100 Days,0,0,0
Battles Without Honor and Humanity: Proxy War,0,0,0
Dus,0,0,0
Repli-Kate,0,4000000,-4000000
Flashout,0,0,0
CODE: Debugging the Gender Gap,0,0,0
Dirty Weekend,0,0,0
The Butterfly Tree,0,3000000,-3000000
Black Water,0,4000000,-4000000
Lingaa,0,0,0
Division III: Football's Finest,0,0,0
The Murder in Angel Lane,0,0,0
The Taiwan Oyster,0,0,0
HoneyBee,0,0,0
Food of Love,0,0,0
All About You,0,0,0
Black November,0,12500000,-12500000
The Mystery of Chess Boxing,0,0,0
Muthu,0,0,0
Meet Me in Montenegro,0,0,0
Closure,0,0,0
Almost Perfect,0,0,0
Wanderland,0,0,0
The Man Who Cheated Himself,0,0,0
The Fourth Wise Man,0,0,0
Remington and the Curse of the Zombadings,721651,22361,699290
The Last of the Mohicans,0,0,0
Audrey Hepburn: Remembered,0,0,0
Hollow Triumph,0,0,0
The Liberation of L.B. Jones,0,0,0
Detective School Dropouts,0,0,0
Camp Hollywood,0,0,0
Nothing Really Happens,0,0,0
Mrs. Hyde,0,0,0
Flight from Death: The Quest for Immortality,0,0,0
Minor Details,0,0,0
Alyce Kills,0,0,0
Going Back,0,0,0
Park,13001257,30000000,-16998743
Miss Dial,0,0,0
The Last Chance,0,0,0
A Night Without Armor,0,0,0
Gary Gulman: In This Economy?,0,0,0
The Daisy Chain,0,0,0
Till We Meet Again,0,0,0
The Zone,0,0,0
Amateur Night,0,0,0
Beatles Stories,0,0,0
The Fish Fall in Love,0,0,0
Unlikely Angel,0,0,0
Vengeance,0,0,0
El Diablo,0,0,0
Malice In The Palace,0,0,0
Meet My Valentine,0,0,0
Legend of the Eight Samurai,0,0,0
Operation Toussaint: Operation Underground Railroad and the Fight to End Modern Day Slavery,0,0,0
Diary of a Madman,0,0,0
Todd Barry: The Crowd Work Tour,0,0,0
Run for Your Life,0,0,0
Comeback Season,0,0,0
The Dark Place,0,0,0
Cold Sweat,0,0,0
Say You Will,0,0,0
Kshana Kshanam,0,0,0
Fear,0,0,0
Left Behind III: World at War,0,0,0
Cannes Man,0,0,0
Muffin Top: A Love Story,0,1100000,-1100000
Rifftrax Live: Samurai Cop,0,0,0
Movie Movie,0,0,0
The Chinese Boxer,0,0,0
The Bet Collector,0,0,0
Dead Heist,0,0,0
Capturing Mary,0,0,0
God's Compass,0,0,0
Gacy,0,250000,-250000
We Are the World: The Story Behind the Song,0,0,0
Hapkido,0,0,0
Malta Story,0,0,0
The Seventh Curse,0,0,0
App,0,2000000,-2000000
The Quitter,0,0,0
Summer of 8,0,0,0
Traveller,0,0,0
Thammudu,0,0,0
Santa and the Three Bears,0,0,0
Khuda Gawah,0,0,0
Royal Warriors,0,0,0
Fursonas,0,0,0
The Wilde Wedding,0,0,0
Awaken the Shadowman,0,0,0
Sunny,0,0,0
DeadHeads,0,0,0
The Weekend Sailor,0,0,0
Christmas Lodge,0,0,0
Cutterhead,0,0,0
The Dust Factory,12,0,12
The Kentuckian,0,0,0
The Silver Screen: Color Me Lavender,0,0,0
What the Waters Left Behind,0,0,0
Friendly Fire,0,0,0
The Dinosaur Project,0,0,0
Avida,0,0,0
Hamilton: One Shot to Broadway,0,0,0
Turning Green,0,0,0
Golden Swallow,0,0,0
Paradise,0,0,0
Vile,0,0,0
The Piano in a Factory,0,0,0
Lace Crater,0,0,0
The Horde,0,0,0
Albert Fish: In Sin He Found Salvation,0,0,0
Padi Padi Leche Manasu,0,0,0
Dead in 5 Heartbeats,0,0,0
The Blockhouse,0,0,0
Strip Search,0,0,0
"Hey, Mr. Postman!",0,0,0
Alice's Adventures in Wonderland,0,2500000,-2500000
My Name Was Bette: The Life and Death of an Alcoholic,0,0,0
Ace of Hearts,0,0,0
Kathleen Madigan: Madigan Again,0,0,0
"Have a Good Funeral, My Friend... Sartana Will Pay",0,0,0
The Life of Bruce Lee,0,0,0
Madeline: Lost in Paris,0,0,0
When the Day Breaks,0,0,0
Running Wild,0,0,0
Shock,0,200000,-200000
3801 Lancaster: American Tragedy,0,0,0
When a City Falls,0,0,0
Crazy,0,0,0
A Christmas Snow,0,1000000,-1000000
A Thousand Junkies,0,0,0
Vendetta,0,0,0
The Trial of the Incredible Hulk,0,0,0
The Call of the Wild,0,0,0
Columbus Day,0,0,0
Green Is Gold,0,0,0
Tom Sawyer & Huckleberry Finn,0,0,0
Neverlake,0,232000,-232000
Why Shoot the Teacher?,0,81,-81
Gary Gulman: It's About Time,500,0,500
An American Christmas Carol,0,2000000,-2000000
Thunderbird 6,0,0,0
Ignition,0,0,0
The Blacksmith,0,0,0
I Love You Too,0,6,-6
Madtown,0,0,0
Mili,0,0,0
Peace Breaker,0,0,0
Brokedown,0,10000,-10000
Corridors of Blood,0,146000,-146000
Aag,0,0,0
Shirley Adams,0,0,0
Top of the Food Chain,0,0,0
The Rainbow,0,0,0
Shark Attack 3: Megalodon,0,0,0
Sharknado 6,0,0,0
Toman,0,0,0
The Proud Rebel,0,1600000,-1600000
RX 100,0,0,0
Mantervention,0,0,0
Fabulous Frogs,0,0,0
The Image Revolution,0,50000,-50000
Jessie's Dad,0,0,0
First Period,0,0,0
Red Christmas,0,0,0
Pink Floyd: Behind the Wall,0,0,0
Sagwan,0,0,0
The Sensei,0,0,0
Trois 3: The Escort,0,0,0
The 50 Best Horror Movies You've Never Seen,0,0,0
Bill Maher: Victory Begins at Home,0,0,0
Speckles: The Tarbosaurus,0,0,0
Inseparable,0,0,0
Vijay,0,0,0
Baadshah,0,0,0
The Benefactor,2159380,0,2159380
The Evangelist,0,0,0
Evil Ed,0,0,0
Freedom Summer,0,0,0
Eloise,0,0,0
D.L. Hughley: Unapologetic,0,0,0
The Return of Ringo,0,0,0
Double Dragon,2341309,3500000,-1158691
Meri Jung,0,0,0
Neon Flesh,486756,4364700,-3877944
Cycle,0,0,0
Unli Life,0,0,0
Go for Broke,0,0,0
Cat Skin,0,0,0
Wake of Death,0,0,0
Dead Awake,0,0,0
Howard Lovecraft and the Kingdom of Madness,0,0,0
Maachis,0,0,0
Goran,0,0,0
Fögi Is a Bastard,0,0,0
An Accidental Soldier,0,0,0
Insane,0,1000000,-1000000
Between Strangers,0,0,0
Princess Cut,0,0,0
Queens and Cowboys: A Straight Year on the Gay Rodeo,0,0,0
Le Chemin,7424,0,7424
Savage Messiah,0,0,0
Countess Dracula,0,0,0
Five Shaolin Masters,0,0,0
"With You, Without You",0,0,0
Final,53302314,23000000,30302314
The Gladiator,0,0,0
The Standoff,0,0,0
Island of Fire,0,0,0
Incident by a Bank,0,0,0
Chattahoochee,0,0,0
Kickin' It Old Skool,0,0,0
Black Magic,0,0,0
Ave Maria,0,0,0
Street,188441614,50000000,138441614
Disciples of Shaolin,0,0,0
One Hour Fantasy Girl,0,0,0
A Holiday Engagement,0,0,0
Jim Norton: Contextually Inadequate,0,0,0
The History of Time Travel,0,0,0
Fresh,0,412000,-412000
Travelling Salesman,0,12000,-12000
Contamination,0,0,0
Worst Friends,0,0,0
Pretty Rosebud,0,0,0
Captured,0,0,0
Coast Modern,0,0,0
Dennis Rodman's Big Bang in PyongYang,0,0,0
Touched,0,0,0
The Blackout Experiments,0,0,0
Almost Home,0,0,0
The Vagina Monologues,0,0,0
Free Ride,0,0,0
Gumnaam,0,0,0
Happy End?!,0,0,0
Brideless Groom,0,0,0
The Basement,0,0,0
With Friends Like These...,0,0,0
Chicago Overcoat,0,3200000,-3200000
Outing Riley,0,0,0
When Jews Were Funny,0,0,0
The Bleeding House,0,0,0
Impact After the Crash,0,0,0
Just Do It: A Tale of Modern-day Outlaws,0,0,0
Bad Ass 2: Bad Asses,0,5500000,-5500000
Scare Campaign,0,0,0
The Stolen Jools,0,0,0
The Creators,0,0,0
The 7 Grandmasters,0,0,0
The Ties That Bind,0,0,0
The Patent Scam,0,0,0
The Interrogation of Tony Martin,0,0,0
Shakespeare Behind Bars,49,0,49
"Somewhere, Tomorrow",0,0,0
Siberia,2006704,2000000,6704
Har Dil Jo Pyar Karega,12000000,0,12000000
A Very Natural Thing,0,0,0
The Nugget,0,0,0
Together,0,0,0
Brewster's Millions,0,0,0
Vikingdom,0,15600000,-15600000
Love Clinic,0,0,0
The Naughty Room,0,0,0
Dark Harvest,0,0,0
Classic Albums: The Who - Who's Next,0,0,0
Sole Survivor,0,380000,-380000
"Bad, Bad Men",0,0,0
The Adventurers,216556,0,216556
Time Jumpers,0,0,0
The Scenesters,0,0,0
"Small, Beautifully Moving Parts",0,0,0
Bark,0,0,0
"Russell Peters: Two Concerts, One Ticket",0,0,0
Warren Ellis: Captured Ghosts,0,0,0
Orthodox,0,0,0
"Ladies and Gentlemen, Mr. Leonard Cohen",0,0,0
Along Came Jones,0,0,0
The Mystery of the Sphinx,0,0,0
The Romantics,123820,4500000,-4376180
The Heroic Ones,0,0,0
Gumby: The Movie,0,0,0
Enai Noki Paayum Thota,0,0,0
Sparkle,0,0,0
The Perfect Husband,0,0,0
Burning Daylight,0,250,-250
Beyond Tomorrow,0,0,0
ThanksKilling,0,3500,-3500
Roadmap to Apartheid,0,0,0
Bert Stern: Original Madman,0,0,0
Happy Hour,0,0,0
Main Prem Ki Diwani Hoon,0,0,0
L7: Pretend We're Dead,0,0,0
The Animal Kingdom,0,0,0
Sociopathia,0,750000,-750000
Quantum Love,0,0,0
Evidence of Blood,0,0,0
An American in Hollywood,0,0,0
Lewis Black: Black to the Future,0,0,0
My Mighty Princess,162256,7000000,-6837744
Jinn,149337,0,149337
Shopping,0,0,0
The Dynamiter,0,250000,-250000
The Bad Nun,0,0,0
Yagavarayinum Naa Kaakka,0,0,0
Prison Girls,0,0,0
Hand of Death,0,0,0
Pecoross' Mother and Her Days,0,0,0
Runaway Romance,0,0,0
Spinning Boris,0,0,0
Death By China,0,0,0
I Am Potential,0,0,0
Twilight Zone: Rod Serling's Lost Classics,0,0,0
Jiang Hu: The Triad Zone,0,0,0
Amnesty,0,0,0
Night of the Devils,0,0,0
I Do,0,0,0
Singam II,0,7700000,-7700000
A Special Lady,0,0,0
If You Meet Sartana Pray for Your Death,0,0,0
Jim Norton: American Degenerate,0,0,0
A Mile in His Shoes,0,0,0
Welcome to the Hartmanns,0,0,0
The Edelweiss Pirates,0,0,0
Sweaty Betty,0,0,0
Memories 677,0,0,0
Adopt a Sailor,0,300000,-300000
An Unlikely Weapon,0,0,0
Monsterland,0,0,0
Frog Dreaming,0,0,0
Rehearsal for Murder,0,0,0
Oy Vey! My Son Is Gay!,0,0,0
Baikonur,0,0,0
St. Paul,0,0,0
Modris,0,0,0
The Coexist Comedy Tour,0,0,0
I Am Comic,0,0,0
First Kiss,0,0,0
Nova Zembla,0,0,0
Tough Luck,0,0,0
Nemesis,2001124,0,2001124
Imminent Threat,0,500000,-500000
A Christmas Carol,0,0,0
Mr. Toilet: The World's #2 Man,0,0,0
Back in the Day,0,0,0
Gnomes and Trolls: The Secret Chamber,0,5000000,-5000000
The Lion In Your Living Room,0,0,0
Darvinte Parinamam,0,0,0
Virginia,6915,0,6915
Arise,0,0,0
As High as the Sky,0,0,0
She Killed in Ecstasy,0,0,0
Storm - Letter of Fire,0,0,0
Naan,0,0,0
A Snow Capped Christmas,0,0,0
Moontrap: Target Earth,0,0,0
Belonging,0,0,0
David Cross: Oh Come On,0,0,0
Bear with Us,0,0,0
Black Rider,0,0,0
"All Male, All Nude",0,40000,-40000
Revelator,0,0,0
Finding Happiness,0,0,0
Outlaws,52946454,5883687,47062767
A Child's Christmas in Wales,0,0,0
Who's Camus Anyway?,0,0,0
Posthumous,0,0,0
Love and the City,9112193,3500000,5612193
16 to Life,0,0,0
Our Mighty Yaya,0,0,0
Q Planes,0,0,0
Mumbai Pune Mumbai,0,0,0
Stay Out Stay Alive,0,1000000,-1000000
Apocalypse Rising,0,0,0
One Eyed Girl,0,1000000,-1000000
Hotel Splendide,0,0,0
The Exodus Decoded,0,0,0
The Babymakers,0,0,0
The Big Ask,0,0,0
ZZ Top – Live from Texas,0,0,0
American Dreamer,0,0,0
Speed & Angels,93945766,120000000,-26054234
The Second Awakening of Christa Klages,0,0,0
Threshold,0,0,0
All the Wrong Reasons,0,1105736,-1105736
The True Glory,0,0,0
My Pet Dinosaur,0,0,0
The Prisoner of Zenda,0,323062,-323062
Joe's Palace,0,0,0
The Kite,0,0,0
An Hour Behind,0,0,0
Licks,0,0,0
David Bowie & The Story of Ziggy Stardust,0,150000,-150000
The Apostle Peter: Redemption,0,0,0
Ryde,0,0,0
Nymph,2227167,0,2227167
El Gringo,0,3000000,-3000000
Plug Love,0,0,0
What Ever Happened to Baby Jane?,0,0,0
Russell Brand - From Addiction to Recovery,0,0,0
Shaolin Martial Arts,0,0,0
The Great Rupert,0,0,0
How to Use Guys with Secret Tips,0,0,0
Saare Jahaan Se Mehnga,0,0,0
Out of Order,0,0,0
Redd Inc.,1000000,500000,500000
Gung Ho!,0,0,0
Off White Lies,0,0,0
I Had A Bloody Good Time At House Harker,0,0,0
Wild Horses,0,0,0
Show Dogs,38830219,5500000,33330219
Slugterra: Ghoul from Beyond,0,0,0
The Quatermass Experiment,0,0,0
Calamity Jane: Légende de l'Ouest,0,0,0
The Lost Medallion: The Adventures of Billy Stone,0,0,0
Naked Fear,0,0,0
Sex and Breakfast,0,0,0
Awaken,0,0,0
"Swing High, Swing Low",0,0,0
Painful Secrets,0,0,0
St George's Day,0,0,0
Nothing Without You,0,0,0
Be My Valentine,0,0,0
The Escape of Prisoner 614,0,0,0
Paper Mask,0,0,0
The Assassin Next Door,0,3000000,-3000000
Kidnapping,0,0,0
Race You to the Bottom,0,0,0
Grateful Dead: Dead Ahead,0,0,0
Countdown,0,0,0
The Fever,0,0,0
Most Valuable Players,0,0,0
"Jenny, Juno",0,0,0
Sooryavansham,0,0,0
The Witness,0,0,0
I Am Santa Claus,0,0,0
Saving the Titanic,0,2000000,-2000000
Looks and Smiles,0,0,0
The Ride,189635,0,189635
Across the Tracks,0,0,0
The Other Boleyn Girl,0,0,0
Hotel of the Damned,0,0,0
The Drummer,0,0,0
Battles Without Honor and Humanity: Final Episode,0,0,0
The Adventures of Tartu,0,0,0
Haunting Sarah,0,0,0
Steve-O: Guilty as Charged,0,0,0
Bad Seed,0,0,0
Desert Riders,0,0,0
Anonymous 616,0,0,0
Under Lock and Key,0,0,0
Under the Bed,0,1000000,-1000000
"You Belong to Me: Sex, Race and Murder in the South",0,0,0
Love Between the Covers,0,0,0
The Beast And The Beauty,0,0,0
The Wanderers,0,0,0
A Deadly Silence,0,0,0
The Cursed,0,0,0
Massacre Gun,0,0,0
Sister Street Fighter,0,0,0
Non-Transferable,0,0,0
Men Of The Cloth,0,0,0
Brad Williams: Fun Size,0,0,0
Conception,0,0,0
Shady,0,0,0
Birth of the Tramp,0,0,0
Story Of Queen: Mercury Rising,0,0,0
The Prize,0,0,0
Speed Kills,5812,15000000,-14994188
Smash-Up: The Story of a Woman,0,0,0
Gamechangers: Dreams of BlizzCon,0,0,0
Seize the Day,0,0,0
My Rebound Girl,0,0,0
Srinivasa Kalyanam,0,0,0
Paper Tigers,0,0,0
Satan's Little Helper,0,0,0
Woven,0,0,0
A Blade in the Dark,0,0,0
Andaz,0,0,0
The Elephant and the Butterfly,0,0,0
Shola Aur Shabnam,0,0,0
Ash Wednesday,0,0,0
Dead Hearts,0,0,0
Death Laid an Egg,0,0,0
Montana,0,0,0
Cook-Off!,0,0,0
Art Show Bingo,0,0,0
"Leaving Home, Coming Home: A Portrait of Robert Frank",0,0,0
Sunday Too Far Away,0,0,0
Margaret,0,0,0
The Royal Hunt of the Sun,0,0,0
Live Cargo,0,0,0
The Past Is a Grotesque Animal,0,100,-100
Formosa Betrayed,0,0,0
Dimension Z,0,0,0
Return of the Street Fighter,0,0,0
The Way West,0,0,0
Born to Be King,0,0,0
Crazy Kind of Love,0,0,0
Go Ask Alice,0,0,0
Intern Academy,0,0,0
Nadiya Ke Paar,0,0,0
Love Hurts,0,0,0
The Other Side of the Ice,0,0,0
Slumber Party Massacre II,0,0,0
The Nest,0,0,0
Miles,2147000,0,2147000
The Divorce of Lady X,0,0,0
The Killer Shrews,1000000,123000,877000
Recoil,0,0,0
Sol Goode,0,0,0
Forget Me Not,0,1300000,-1300000
Cliffy,0,0,0
The Capture,0,0,0
Road North,0,0,0
Dear Albania,0,0,0
Stormageddon,0,0,0
Whistle,0,0,0
Bharat,0,0,0
Icons among us: Jazz in the Present Tense,0,0,0
The Neighborhood,0,0,0
Saturday the 14th,0,0,0
The Bet,0,0,0
Red Without Blue,0,0,0
Con Man,0,0,0
Screwballs,0,0,0
Pete's Christmas,0,3300000,-3300000
Plot of Fear,0,0,0
Time Simply Passes,0,0,0
Living the Life,0,0,0
The Joke Thief,0,0,0
Saagar,0,0,0
Hiding in Plain Sight,0,0,0
The Dirt Bike Kid,0,0,0
Escape to Athena,0,0,0
Elephants Dream,0,150000,-150000
Madagascar Skin,0,0,0
Thodari,0,0,0
Last Summer in the Hamptons,0,0,0
Shaolin Handlock,0,0,0
A Wife's Nightmare,0,0,0
The Perfect Wedding,0,0,0
Saved by Grace,0,0,0
Population 436,0,0,0
Everybody Street,0,0,0
The King of Boxers,0,0,0
Beaver Trilogy Part IV,0,0,0
Angela,0,0,0
The Golden Age of Comedy,0,0,0
Shouting Fire: Stories from the Edge of Free Speech,0,0,0
Eminence Hill,0,0,0
Faberge: A Life of Its Own,0,0,0
Green Ice,0,0,0
Border Café,0,0,0
Benji: Off the Leash!,0,0,0
Steps of Faith,0,0,0
St. Peter,0,0,0
Naya Daur,0,0,0
The Hollywood Complex,0,0,0
The Haunting of Sharon Tate,68904,0,68904
Going Attractions: The Definitive Story of the American Drive-in Movie,0,0,0
Soulless 2,9194350,2265160,6929190
Black Holes,0,0,0
The Last Supper,0,750000,-750000
Song at Midnight,0,0,0
Buffalo Boy,0,0,0
5 Seconds of Summer,0,0,0
Meat Loaf: Bat Out of Hell,0,0,0
Solar Walk,0,0,0
Dreams of Dust,0,0,0
Nowhere Mind,0,25000,-25000
Peter in Magicland,0,0,0
Crossing Point,0,0,0
All in Time,0,0,0
Tio Papi,0,0,0
Gripsholm,0,0,0
The View From Here,0,0,0
Winter Break,0,0,0
Never Too Young to Die,0,0,0
Open Up to Me,0,1085400,-1085400
The Spy Who Went Into the Cold,0,0,0
Death Fighter,0,0,0
A Strange Brand of Happy,0,0,0
Abilene Town,0,0,0
Pitching Tents,0,0,0
Espionage Tonight,0,0,0
Last Man Club,0,0,0
Knut And Friends,0,0,0
The Secret Invasion,0,600000,-600000
Pajama Party,0,0,0
Mars at Sunrise,0,0,0
Pickings,0,350000,-350000
Ruby,0,0,0
Deathgrip,0,0,0
Anna to the Infinite Power,0,0,0
Surf Nazis Must Die,0,0,0
Pit Stop,0,0,0
Blackout,0,0,0
Shelter,0,0,0
Mumbai Pune Mumbai 2,0,0,0
The People I've Slept With,0,3000000,-3000000
Heritage Falls,0,0,0
Vampire Clan,0,0,0
A Sister's Nightmare,0,0,0
Stuntmen,0,0,0
The Huntresses,0,0,0
Whirlygirl,0,0,0
Wu: The Story of the Wu-Tang Clan,0,0,0
Liberty's Secret,0,0,0
Light of My Eyes,0,0,0
What Would Jesus Do?,0,0,0
The Kovak Box,1916745,0,1916745
A Shot in the Dark,0,0,0
Erskineville Kings,0,500000,-500000
The White Massai Warrior,0,600000,-600000
Martin Luther,0,0,0
Motives 2,0,0,0
Apne,0,0,0
Fetish,0,0,0
U.F.O.,0,2500000,-2500000
The Grand Heist,0,0,0
"Sex, Death and Bowling",0,0,0
Anunnaki,0,0,0
Jim Breuer: Let's Clear the Air,0,0,0
Why We Fight: Divide and Conquer,0,0,0
Yamla Pagla Deewana,0,0,0
Island,100076342,37000000,63076342
"Spirits of the Air, Gremlins of the Clouds",0,0,0
Without Warning: The James Brady Story,0,0,0
Mehrunisa V Lub U,1200000,280000,920000
Pinching Penny,0,0,0
Operation Dunkirk,0,0,0
Jeans,0,0,0
Vixen,0,0,0
Dreams on Spec,0,0,0
Falling,0,0,0
Children of God: Lost and Found,0,0,0
American Yakuza,0,0,0
Attagasam,500000,500000,0
Last Call,0,5000000,-5000000
Across the River,0,0,0
In My Sleep,0,0,0
Food Fight,0,0,0
Tom Brown's School Days,0,0,0
Classic Albums: Elton John - Goodbye Yellow Brick Road,0,0,0
"Look Out, Officer!",0,0,0
The Cliff,0,0,0
Noelle,242924,0,242924
Color Me Obsessed: A Film About The Replacements,0,0,0
Rifftrax Live: Plan 9 From Outer Space,0,0,0
Ghett'a Life,0,0,0
Anjelah Johnson: The Homecoming Show,0,0,0
Beneath,0,0,0
Accidental Love,24487,26000000,-25975513
An Evening In Paris,0,0,0
Into Thin Air,0,0,0
Into the Cold: A Journey of the Soul,0,0,0
Jim Norton: Please Be Offended,0,0,0
Popi,0,0,0
Plastic Galaxy: The Story of Star Wars Toys,0,0,0
The Big Squeeze,0,0,0
Deep Dark,0,0,0
Kayla: A Cry in the Wilderness,0,0,0
On the Shoulders of Giants,0,0,0
Hider in the House,0,0,0
Sweet Bird of Youth,0,0,0
Between Love & Goodbye,0,0,0
A Little Bit Zombie,0,0,0
Al Madrigal: Shrimpin' Ain't Easy,0,0,0
Chinatown Kid,0,0,0
Just Getting Started,6069605,22000000,-15930395
Deep in the Wood,0,0,0
Tovarisch I Am Not Dead,0,0,0
Embryo,0,0,0
Casino Raiders,0,0,0
Kingdom Come,0,0,0
The Curse of Sleeping Beauty,0,0,0
The Pied Piper of Hützovina,0,0,0
Blue Collar Boys,0,0,0
Northern Borders,0,0,0
Slaughterhouse,0,0,0
Killer Clans,0,0,0
Disappearances,312642,1500000,-1187358
Walwal,0,0,0
SS United States: Lady in Waiting,0,0,0
Bonnie's Kids,0,0,0
Eugene Mirman: Vegan on His Way to the Complain Store,0,0,0
Human Lanterns,0,0,0
Alaska: Spirit of the Wild,0,0,0
MVP: Most Valuable Primate,0,0,0
American Mustang,0,0,0
Standing Army,0,264000,-264000
Rachida,0,0,0
Bottled Life: Nestle's Business with Water,0,0,0
L.M. Montgomery's Anne of Green Gables: The Good Stars,0,0,0
The Sound and the Fury,0,0,0
Our People Will Be Healed,0,0,0
The Wild Horse Redemption,0,0,0
Miles to Go,0,35000,-35000
Chashme Buddoor,0,0,0
Kuldip Patwal: I Didn't Do It!,0,0,0
Crave,0,0,0
The Answer,0,0,0
Forever Lulu,0,20000000,-20000000
Custer of the West,0,4000000,-4000000
The Somme,0,0,0
Born Invincible,0,0,0
I Know You're in There,0,0,0
Cameron Esposito: Marriage Material,0,0,0
Bunyan and Babe,0,0,0
8 Murders a Day,0,0,0
Another Perfect Stranger,0,0,0
Parasomnia,0,0,0
The L.A. Riot Spectacular,0,0,0
Circus of Horrors,0,0,0
The Beloved Rogue,0,0,0
Samrat & Co.,0,0,0
Shakma,0,0,0
Village Without Women,0,0,0
"Guru: Bhagwan, His Secretary & His Bodyguard",0,0,0
Guilty Men,0,0,0
The Abduction of Jennifer Grayson,0,0,0
Foxes,0,0,0
Take Me Home: The John Denver Story,0,0,0
Switchmas,0,0,0
Deathstalker,8890685,0,8890685
Mr. Kaplan,0,0,0
From the Dark,0,0,0
Into The Fire,0,0,0
Vai Raja Vai,0,0,0
Friends of God: A Road Trip with Alexandra Pelosi,0,0,0
Attack Force Z,88000,0,88000
Mark Of The Witch,0,0,0
"We Love You, Sally Carmichael!",0,0,0
Ghost Squad,0,0,0
I Hate Tom Petty,0,0,0
Fishbowl California,0,0,0
Dance Baby Dance,0,0,0
Slugterra: Slug Fu Showdown,0,0,0
The Architect,0,0,0
The Hooligan Factory,0,1000000,-1000000
Allah Made Me Funny,0,0,0
Citizen Architect: Samuel Mockbee and the Spirit of the Rural Studio,0,0,0
Aerosmith: Rock for the Rising Sun,0,200000,-200000
Silent Heart,0,0,0
The Reconstruction of William Zero,0,0,0
Apollo 13: To the Edge and Back,0,0,0
Are All Men Pedophiles?,0,0,0
Challenge of the Masters,0,0,0
Crazy Legs Conti: Zen and the Art of Competitive Eating,0,0,0
Duran Duran: Unstaged,0,0,0
Happy Birthday,0,0,0
The 14 Amazons,0,0,0
The Jimmy Show,0,0,0
The King's Highway,0,0,0
Poolboy - Drowning Out the Fury,0,0,0
A Nice Quiet Life,0,0,0
Death Clique,0,2000000,-2000000
It Happened One Christmas,0,0,0
A Haunting in Georgia,0,0,0
Do Women Have a Higher Sex Drive?,0,0,0
Leslie Jordan: My Trip Down the Pink Carpet,0,0,0
Walking the Halls,0,0,0
The Last Rescue,0,0,0
Tirza,0,0,0
New York Dolls: All Dolled Up,0,50000,-50000
Knuckle Jack,0,0,0
Hansel & Gretel,226349749,50000000,176349749
A To Zeppelin: The Story Of Led Zeppelin,0,0,0
A Haunting on Washington Avenue: The Temple Theatre,0,0,0
8 Minutes Idle,0,400000,-400000
Little Annie Rooney,0,0,0
Grateful Dead: Anthem to Beauty,0,0,0
The Love She Sought,0,0,0
Model Minority,0,0,0
20 Weeks,0,0,0
Stray Cat Rock: Sex Hunter,0,0,0
The Philosopher Kings,0,175000,-175000
4Closed,0,0,0
Bigfoot The Movie,0,0,0
Manamantha,1500000,0,1500000
The One I Wrote for You,0,0,0
Happy Go Lovely,0,0,0
Where Was God?,0,140000,-140000
Maan Karate,0,0,0
Love So Divine,0,0,0
Different Drummers,0,0,0
The Congressman,0,0,0
Scared to Death,0,0,0
The Scarlet Clue,0,0,0
The Last Keepers,0,0,0
Ann Rule Presents: The Stranger Beside Me,19,42,-23
Jake Shimabukuro: Life on Four Strings,0,0,0
Missing Mom,0,0,0
A Christmas Tail,0,0,0
The Last Horror Film,0,0,0
Benny Hill's World Tour: New York!,0,0,0
Home Care,0,0,0
Da Sweet Blood of Jesus,0,1420000,-1420000
Catch 22: Based on the Unwritten Story by Seanie Sugrue,0,0,0
Classic Albums: Steely Dan - Aja,0,0,0
Copperhead,0,0,0
Exit Humanity,0,300000,-300000
So Young 2: Never Gone,0,0,0
The Devotion of Suspect X,0,0,0
XL,0,0,0
Holy Water,0,0,0
Alto,919591,0,919591
Crash Test Aglaé,0,0,0
Playdate,0,4000000,-4000000
Alive!,15500000,10000000,5500000
Finding Home,0,0,0
The Mechanik,0,0,0
The Beautiful Beast,0,0,0
Darfur Diaries: Message from Home,0,0,0
Wetlands,0,0,0
Women's Prison,0,0,0
Good Fences,0,0,0
Lake Fear,0,0,0
Naples '44,0,0,0
Noor,0,0,0
The Milky Way,0,0,0
Alpha and Omega 3: The Great Wolf Games,0,0,0
Mother's Day,48782670,25000000,23782670
Grandma's House,0,0,0
The Other Kids,0,0,0
Lap Dance,0,0,0
The River King,0,0,0
Pure Country 2: The Gift,133771,0,133771
When the Bough Breaks,0,0,0
Inherit the Wind,0,0,0
Charles Manson Superstar,0,0,0
"My Love, My Bride",0,0,0
Antisocial,0,0,0
The Elizabeth Smart Story,0,0,0
Fractional,0,0,0
Third Contact,0,0,0
Demon Tongue,0,100000,-100000
Even Lambs Have Teeth,0,0,0
Fishing Naked,0,0,0
Hospitality,0,0,0
Poor Pretty Eddie,0,0,0
Bruce Lee: The Man and the Legend,0,0,0
1 Message,0,0,0
Hercules in the Haunted World,0,0,0
Yun Hota To Kya Hota,0,0,0
Jackson County Jail,2300000,445000,1855000
At Jesus' Side,0,0,0
Child Eater,0,0,0
The Amazing Quest of Ernest Bliss,0,0,0
ChromeSkull: Laid to Rest 2,0,0,0
Sweet Home,0,0,0
Mysterious Island,0,2500000,-2500000
Vincent,0,0,0
Pirate for the Sea,0,0,0
Aranmanai,0,0,0
Frank Sinatra: A Man and His Music + Ella + Jobim,0,0,0
Black Jack Pershing: Love and War,0,0,0
GI Jews: Jewish Americans in World War II,0,0,0
Fox Trap,0,0,0
The Green Girl,0,0,0
Innocence,0,0,0
Pride of the Bowery,0,0,0
Heir To An Execution,0,0,0
Toll Booth,0,0,0
The Party's Over,0,0,0
What's With Wheat?,0,0,0
On the Border,0,0,0
From the Manger to the Cross,0,0,0
Ramji Londonwaley,0,0,0
Sapoot,0,0,0
Tribulation,0,0,0
Dating My Mother,0,0,0
Ghost Fleet,0,0,0
The Mega Brothel,0,0,0
Elon Gold: Chosen and Taken,0,0,0
Teenagers from Outer Space,0,0,0
Meth,0,0,0
Ghost mountaineer,0,0,0
Jack and Jill vs. the World,0,4000000,-4000000
Champion,0,0,0
I Am Hardwell,0,0,0
A Haunting On Dice Road 2: Town of the Dead,0,0,0
Body Melt,0,0,0
Lost Voyage,0,0,0
A Haunting on Dice Road: The Hell House,0,0,0
BookWars,0,0,0
He's Way More Famous Than You,0,0,0
Revelation,206626,1500000,-1293374
Spark: A Space Tail,116873,0,116873
Beast of Blood,0,125000,-125000
The Gamers: Hands of Fate,0,0,0
Quitters,0,0,0
The Battle Wizard,0,0,0
The Brothers Warner,0,0,0
Machine-Gun Kelly,0,0,0
Jim Breuer: And Laughter for All,0,0,0
Reparando,0,0,0
5ive Girls,0,3000000,-3000000
Leave,0,0,0
Texas Heart,0,0,0
Rosemont,0,0,0
Soldiers Of Conscience,0,0,0
A “Private Dancer” in Mom’s Kitchen,0,0,0
The Conclave,0,4000000,-4000000
Three Guys Named Mike,0,0,0
The Magic Of Mushrooms,0,0,0
The 12 Dogs of Christmas,0,2000000,-2000000
Art Is... The Permanent Revolution,0,0,0
Trade Of Innocents,0,0,0
Time of Death,0,0,0
Lost and Found in Armenia,175000,0,175000
American Scary,0,0,0
Char Man,0,0,0
Quackser Fortune Has a Cousin in the Bronx,0,0,0
Friends Forever,0,0,0
Return to Horror Hotel,0,0,0
Tenure,5000000,0,5000000
Don Quixote: The Ingenious Gentleman of La Mancha,0,0,0
The Grave,0,4000000,-4000000
The Four Assassins,0,0,0
Mandie and the Secret Tunnel,0,0,0
Ask the Sexpert,0,0,0
Sri Rama Rajyam,0,0,0
Psycho Bettys from Planet Pussycat,0,0,0
The Good Father,0,0,0
Bound,7011317,4500000,2511317
Inspector Gadget's Last Case,0,0,0
Broadway's Finest,0,0,0
Electronic Awakening,0,0,0
The Children,0,0,0
The Avenger,0,0,0
10 Minutes Gone,0,0,0
Maggie Black,0,0,0
The Ballerina,0,0,0
Threesomething,0,0,0
Daydream Believers: The Monkees Story,0,0,0
Nude Nuns with Big Guns,0,0,0
On the Doll,0,0,0
A Dog for Christmas,0,0,0
Spare Parts,0,0,0
Physical Graffiti: A Classic Album Under Review,0,0,0
Vampariah,0,0,0
Amber Alert,0,0,0
Last Summer,0,0,0
Carl Panzram: The Spirit of Hatred and Vengeance,0,0,0
Stagecoach: The Texas Jack Story,0,2200000,-2200000
Carnies,0,100,-100
Box Elder,0,0,0
Tony n' Tina's Wedding,0,1500000,-1500000
Martial Club,0,0,0
Dr. Goldfoot and the Girl Bombs,0,0,0
"Silent Night, Deadly Night Part 2",154323,250000,-95677
"Hello, My Name Is Frank",0,0,0
Falaknuma Das,0,0,0
Like a Bat Outta Hell,0,0,0
The Lazarus Papers,0,0,0
Queen of the Lot,0,0,0
Heavenly Sword,0,6000000,-6000000
Theirs Is the Glory,0,0,0
Fender Bender,0,0,0
The Stranger in Us,0,0,0
The Song Keepers,0,0,0
Anarchy Parlor,0,0,0
David,0,0,0
Our Wild Hearts,0,0,0
Riders to the Stars,0,0,0
Nicholas on Holiday,0,0,0
Role Play,0,0,0
Horror Hospital,0,0,0
Shaka Zulu: The Last Great Warrior,0,0,0
Running Wild: The Life of Dayton O. Hyde,0,0,0
The Prince & Me 4: The Elephant Adventure,0,0,0
Mama’s Girl,0,0,0
Triage: Dr. James Orbinski's Humanitarian Dilemma,0,0,0
Silas Marner,0,0,0
In einem wilden Land,0,4950000,-4950000
Uncaged,0,0,0
I Do (but I Don't),0,0,0
KISS: Rocks Vegas,0,0,0
Redemption: For Robbing the Dead,0,0,0
Oriented,0,0,0
The 'Human' Factor,0,0,0
Magellan,0,0,0
Body Without Soul,0,0,0
Cat-Women of the Moon,0,0,0
The James Dean Story,0,0,0
Winds of the Wasteland,0,0,0
Beyond the Line,0,0,0
Weaving the Past: Journey of Discovery,0,0,0
The Amazing Mr. X,0,0,0
Sad Vacation,0,0,0
Cry Uncle!,0,0,0
6 Ways to Die,0,0,0
Aliens on the Moon: The Truth Exposed,0,0,0
Bonhoeffer: Agent of Grace,0,0,0
Overdose: The Next Financial Crisis,0,0,0
The Disappearance of Finbar,0,0,0
Bowie: The Man Who Changed the World,0,0,0
Koursk: Un sous-marin en eaux troubles,0,0,0
Sakka Podu Podu Raja,0,0,0
Awful Nice,0,0,0
I'm a Fool,0,0,0
Yeh Hai Jalwa,0,0,0
Goldman Sachs: The Bank That Runs the World,0,0,0
Esther and the King,0,0,0
A Gentle Night,0,0,0
Ronnie and Julie,0,0,0
Suicide Kale,0,0,0
Absolution,0,0,0
Dreaming of Space,696681,2000000,-1303319
Carolina Skeletons,0,0,0
Blood Hunters,0,0,0
Edge of America,0,0,0
The Final Project,0,0,0
State Like Sleep,0,0,0
3 Blind Saints,0,0,0
April Morning,0,0,0
Savyasachi,0,0,0
Dummy,0,0,0
If Something Happens,0,0,0
Operation Amsterdam,0,0,0
Besetment,0,0,0
Laughing Boy,0,0,0
Trico Tri Happy Halloween,0,0,0
Boot Hill,0,0,0
Maari 2,0,0,0
The Club of the Misunderstood,0,0,0
Circus Kane,0,0,0
Neil Gaiman: Dream Dangerously,0,0,0
The Zigzag Kid,75544,0,75544
Antisocial 2,0,0,0
Women in Cages,0,0,0
Girls Night Out,0,0,0
Yardbird,0,0,0
What Other Couples Do,0,0,0
The Lady Hermit,0,0,0
The Magic Sword,0,0,0
Hank Williams: The Show He Never Gave,0,0,0
Bedeviled,0,0,0
Hum Aapke Dil Mein Rehte Hain,0,0,0
The Time of Your Life,0,0,0
Changing Hearts,0,0,0
The Man Who Skied Down Everest,0,0,0
3,100176000,80000000,20176000
"It Can Be Done, Amigo",0,0,0
Granito: How to Nail a Dictator,0,0,0
Finding Rin Tin Tin,0,0,0
Call of the Wild,270210,0,270210
The Jade Pendant,0,0,0
On Any Sunday II,0,0,0
Corazón del tiempo,0,0,0
Angel's Perch,0,0,0
Almost Mercy,0,0,0
Lamberto Quintero,0,0,0
Ride The Thunder,0,0,0
Where Have All the People Gone,0,0,0
Solace,0,0,0
The Love Letter,0,0,0
The Royal Hibiscus Hotel,0,0,0
Find Me,0,0,0
Bachelor Games,0,0,0
Diljale,0,0,0
Peck's Bad Boy with the Circus,0,0,0
Arnez J: Racially Motivated,0,0,0
Evil Alien Conquerors,0,0,0
Blue Briefs,0,0,0
Amma Kanakku,0,0,0
A Vow To Cherish,0,0,0
Slave Widow,0,0,0
The Uranium Conspiracy,0,0,0
Jack the Ripper,0,0,0
Company Business,1501785,0,1501785
The Legend of Pancho Barnes and the Happy Bottom Riding Club,0,0,0
The Maid's Room,0,0,0
The Science Of Fasting,0,0,0
Summer Snow,0,0,0
Fifty Pills,0,0,0
Loitering with Intent,0,0,0
A Dark Reflection,0,7870000,-7870000
Strike One,0,0,0
The Playground,0,0,0
C.I.D.,0,0,0
Dog Gone,0,0,0
Magnificent Warriors,0,0,0
The Dead Pit,0,350000,-350000
Poetry in Motion,0,0,0
Home Sweet Home,0,0,0
India: Kingdom of the Tiger,0,0,0
New Year's Evil,0,0,0
Road 47,0,0,0
Rag Tag,0,0,0
Alex and Leo,0,0,0
Delivering Milo,0,0,0
Perfect Creature,0,0,0
The Bloodstained Butterfly,0,0,0
Hubble: 15 Years of Discovery,0,0,0
Pickin' and Grinnin',0,0,0
Why We Fight: The Battle of China,0,0,0
Sequoia,0,0,0
9-Ball,0,0,0
Cruel Summer,0,0,0
La Gunguna,0,0,0
Closed Season,0,0,0
Anonymous,0,0,0
The Two Thieves,0,0,0
Just to Get a Rep,0,0,0
Tempting Fate,0,0,0
Old Enough,0,0,0
Citizen Duane,0,0,0
Stressed to Kill,0,0,0
Vine of the Soul: Encounters with Ayahuasca,0,0,0
Imaginary Friend,0,0,0
Shadow Nation,0,0,0
Many Beautiful Things,0,0,0
Mad Doctor of Blood Island,0,0,0
Daddy,0,0,0
Gross Misconduct,0,0,0
Someday This Pain Will Be Useful to You,0,8000000,-8000000
Shirin in Love,0,0,0
Neon Maniacs,0,1500000,-1500000
Grateful Dead: Truckin Up to Buffalo,0,0,0
The Ultimate Legacy,0,0,0
Colin & Brad: Two Man Group,0,0,0
One Under the Sun,0,0,0
Monsters Wanted,0,0,0
Caffeine,0,0,0
The Sand Castle,0,0,0
Wedding in White,0,0,0
Bulldog Drummond's Secret Police,0,0,0
Crawlspace,0,0,0
Devoured,0,0,0
27: Gone Too Soon,0,0,0
Enigma,0,0,0
Screaming Queens: The Riot at Compton's Cafeteria,0,0,0
An Ordinary Family,0,0,0
Loft,0,0,0
The Family Tree,0,0,0
Rogue Male,0,0,0
Tupac Shakur: Before I Wake,0,0,0
My Lucky Star,0,0,0
The Rise and Fall of the Third Reich,0,0,0
The Assailant,0,5000000,-5000000
Like a Country Song,0,0,0
The Amazing Transparent Man,0,0,0
Honest Man: The Life of R. Budd Dwyer,0,0,0
GasHole,0,495000,-495000
Margaret Cho: PsyCHO,0,0,0
A Lady Takes a Chance,0,0,0
Hide Away,30655,0,30655
The Angry Red Planet,0,0,0
Troubled Waters,0,0,0
The Rowdy Girls,0,0,0
Billy the Kid and the Green Baize Vampire,0,0,0
The Tombs,0,0,0
Piccadilly Jim,0,0,0
The Black Sleep,0,225000,-225000
Number One,0,0,0
Ojukokoro (Greed),0,0,0
1920: Evil Returns,0,0,0
The Children of Sanchez,0,0,0
A Romance of the Redwoods,0,0,0
Miffy the Movie,0,0,0
420 - The Documentary,0,0,0
Yellow Colt,0,0,0
Selfie from Hell,0,0,0
The War of 1812,0,0,0
Classic Albums: Frank Zappa - Apostrophe (') Over-Nite Sensation,0,0,0
Code 2600,0,0,0
Alex & the List,0,0,0
Raven's Touch,0,200000,-200000
Pig,69131860,90000000,-20868140
Dick Tracy Meets Gruesome,0,0,0
Los Punks: We Are All We Have,0,0,0
Rosebud,0,0,0
Escape to Burma,0,0,0
Double Exposure,0,1000000,-1000000
Love and Bullets,0,0,0
Not Waving but Drowning,0,0,0
My 2 Mommies,0,0,0
The Big Night,0,0,0
Manzil,0,0,0
Long-Term Relationship,0,0,0
P.U.N.K.S,0,0,0
Helena from the Wedding,0,0,0
The Racing Scene,0,0,0
Gods,0,0,0
Frank Sinatra: Concert for the Americas,0,0,0
The Sweet Escape,0,0,0
The Amish: Shunned,0,0,0
Catch.44,0,7000000,-7000000
A Romance of Happy Valley,0,0,0
The Lost Choices,0,0,0
11:11,0,0,0
Fishing with Gandhi,0,0,0
The Secret Life of Adolf Hitler,0,0,0
Diving,0,0,0
Azorian: The Raising of the K-129,0,0,0
Discovering Bigfoot,0,0,0
Inch'Allah dimanche,0,0,0
Remittance,0,0,0
The Time Travelers,0,250000,-250000
The Role,0,2480000,-2480000
Paddle to Seattle: Journey Through the Inside Passage,0,0,0
Christmas Comes But Once a Year,0,0,0
New York Lately,0,0,0
Blind Trust,0,0,0
The Great War,0,0,0
Miss Conception,0,6000000,-6000000
The Brave One,0,0,0
The Trojan Horse,0,0,0
2 Million Stupid Women,0,0,0
Snow White,0,0,0
Salt and Fire,0,0,0
Foreign Intrigue,0,0,0
Vanakkam Chennai,11000000,1500000,9500000
Barnum!,0,0,0
Living Proof,0,0,0
I Always Said Yes: The Many Lives of Wakefield Poole,0,0,0
A Deeper Shade of Blue,0,0,0
Lady Peacock,0,0,0
Midway to Heaven,0,0,0
The Long Green Line,0,0,0
Royal Deceit,0,0,0
Simulation,0,0,0
Act of God,0,0,0
Camp Cool Kids,0,0,0
Choppertown: The Sinners,0,0,0
Swept Under,0,0,0
Lavell Crawford: Home for the Holidays,0,0,0
Holes in My Shoes,0,0,0
The Greasy Hands Preachers,0,0,0
Machine Gun McCain,0,0,0
Bollywood Beats,0,0,0
Buddy Hackett Live and Uncensored,0,0,0
Little Miss Dolittle,0,0,0
Oceans Rising,0,0,0
Island Zero,0,0,0
Night Eyes 4: Fatal Passion,0,0,0
RSO [Registered Sex Offender],0,0,0
Second in Command,0,0,0
Tactical Force,0,8400000,-8400000
Bringing Up Bobby,0,0,0
The Great St. Louis Bank Robbery,0,0,0
The Long Hair of Death,0,0,0
Galaxy of Horrors,0,0,0
Beneath the Helmet,0,0,0
Brace for Impact,0,0,0
Best Friends Forever,0,0,0
War,5155325,3500000,1655325
Stranded,0,4000000,-4000000
"Houston, We Have a Problem",0,0,0
Flirting with Danger,0,0,0
The House of Violent Desire,0,0,0
Orion,0,0,0
A Royal Hangover,0,0,0
When the Bough Breaks: A Documentary About Postpartum Depression,0,0,0
Starring Adam West,0,0,0
Spring 1941,0,0,0
The Longshot,0,0,0
Happy Anniversary and Goodbye,0,0,0
Zapatista,0,0,0
Tales of the Rat Fink,0,0,0
The First American,0,0,0
Everyday Rebellion,0,0,0
Cause for Alarm,0,0,0
The Big Lift,0,0,0
The House on Pine Street,0,0,0
The Arena,0,0,0
The Belle of Amherst,0,0,0
The American Ruling Class,0,0,0
Classic Albums: Rush - 2112 & Moving Pictures,0,0,0
Kaloori,0,0,0
The St Francisville Experiment,0,0,0
The Viking War,0,0,0
Minutes Past Midnight,0,0,0
Street Dogs of South Central,0,0,0
Emma Smith: My Story,881787,0,881787
The Bronx Bull,0,7000000,-7000000
Darkness Falls,0,0,0
Frank vs. God,0,0,0
A Harlot's Progress,0,0,0
Flight 666,0,0,0
David Spade: Take the Hit,0,0,0
Baghdad Messi,0,90,-90
Bernice Bobs Her Hair,0,0,0
Spirit of the Game,0,0,0
Alice Cooper: Live at Montreux 2005,0,0,0
Babar: King of the Elephants,0,0,0
The Showdown,0,0,0
Uncle Bob,0,0,0
Desire,0,0,0
Midnight Stallion,0,5000000,-5000000
First Lady,0,30000,-30000
Peyote,0,0,0
Eddie Griffin: Undeniable,0,0,0
Jesus Fish,0,0,0
This Thing of Ours,0,0,0
Adela,0,0,0
Birds of Prey,0,0,0
Astronaut: The Last Push,0,0,0
BloodRayne,3650275,25000000,-21349725
Guy X,0,0,0
Committed,0,0,0
Clint Eastwood: The Man from Malpaso,0,0,0
X500,0,0,0
"Silent Night, Bloody Night",0,0,0
The Perils of Pauline,0,0,0
Is That You?,0,0,0
Marilyn Monroe Declassified,0,0,0
A Force of One,20166000,0,20166000
The Medicine Game,0,0,0
Guns Girls and Gangsters,0,0,0
"Thank You, Mr. President: Helen Thomas at the White House",0,0,0
Blood Feast,0,0,0
"DOS μια ιστορία αγάπης, απ' την ανάποδη",0,0,0
Painted Horses,0,0,0
The Enemy Within,0,0,0
Beyond Boundaries: The Harvey Weinstein Scandal,0,0,0
Salam,0,0,0
Coming Home for Christmas,0,0,0
Seclusion,0,0,0
Blessings: The Tsoknyi Nangchen Nuns of Tibet,0,0,0
3:19,0,0,0
"George Lopez: It's Not Me, It's You",0,0,0
The Exonerated,0,0,0
Ella Cinders,0,0,0
Halloween at Aunt Ethel's,0,0,0
Slappy and the Stinkers,0,0,0
Wrath of Gods,0,172000,-172000
The Stork Club,0,0,0
Goodbye Carmen,0,0,0
Seeing Other People,0,0,0
Gregory's Two Girls,0,0,0
Anuranan,0,0,0
Unforgotten: Twenty-Five Years After Willowbrook,0,0,0
Born Bad,0,0,0
A Model Daughter: The Killing of Caroline Byrne,0,0,0
Foxtrot,0,0,0
The Line King: The Al Hirschfeld Story,0,0,0
Summer of '67,0,0,0
Erasing Eden,0,0,0
Warrior Pride,0,0,0
Shield for Murder,0,0,0
The Big Brass Ring,0,0,0
I am from Titov Veles,0,0,0
Appointment in Tokyo,0,0,0
Collider,0,0,0
Fall City,0,0,0
The Zero Boys,0,0,0
In Old California,0,0,0
The Tenants,0,0,0
The Death of Richie,0,0,0
The Sleeping Tiger,0,0,0
DSKNECTD,0,0,0
Absence,0,0,0
Caroline?,0,0,0
Quantum Apocalypse,0,2500000,-2500000
Morgan Murphy: Irish Goodbye,0,0,0
The Fighting Fists Of Shanghai Joe,0,0,0
The Last Days of Patton,0,0,0
The Living Sea,87600000,0,87600000
The Killer Reserved Nine Seats,0,0,0
The Boogey Man,0,300000,-300000
Card Subject To Change,0,0,0
Billy Boy,0,0,0
Quick Gun Murugan,0,0,0
Shooting Gallery,0,0,0
Chernobyl's Café,0,0,0
Sex and Consequences,0,0,0
Slightly Honorable,0,0,0
Bobbie Jo and the Outlaw,0,300000,-300000
Don't Look in the Basement,0,0,0
Final Exam,3000000,374000,2626000
Jogwa - The Awakening,0,0,0
Phantom of Chinatown,0,0,0
Concrete Blondes,0,3100000,-3100000
Richard Pryor: Icon,0,0,0
Some of My Best Friends Are,0,0,0
Butterflies,0,0,0
Killer Fish,0,0,0
Thalaivaa,0,0,0
Messenger of Death,0,0,0
Capturing Reality,0,0,0
Nintendo Quest,0,0,0
Freak,0,0,0
Have Sword Will Travel,0,0,0
730,0,1000000,-1000000
Alena,0,0,0
Christmas Miracle,0,4000000,-4000000
The Prince and the Pauper,0,0,0
Invasion on Chestnut Ridge,0,0,0
The Coconut Revolution,0,0,0
The Sacred Science,0,0,0
A Date with Miss Fortune,0,0,0
The Runaway,0,0,0
The North Star,0,0,0
Abel's Island,0,0,0
The Turn of the Screw,0,0,0
Delightfully Dangerous,0,0,0
Merlin and the Dragons,0,0,0
An Ox's Tale: The John Entwistle Story,0,0,0
Cry of the Banshee,0,500000,-500000
A Violent Life,0,0,0
Beast of Burden,0,0,0
Mother Krampus,0,0,0
Nightlight,0,0,0
Beat Girl,0,0,0
American Virgin,0,4000000,-4000000
Classic Albums: Phil Collins - Face Value,0,0,0
Beyond the Summits,0,0,0
Hidden Love,0,0,0
Superpower,0,0,0
The Great Flamarion,0,0,0
Ghosts of Darkness,0,0,0
Dog Day,0,0,0
Jack Reed: Death and Vengeance,0,0,0
Moomins and the Comet Chase,0,0,0
Dead Before Dawn,0,0,0
Mighty Uke,0,0,0
Mr. Fix It,0,0,0
Gold Star,0,0,0
Savannah Sunrise,0,0,0
Dependent's Day,0,0,0
Allies,0,0,0
Los Angeles Overnight,0,0,0
Adventure Scouts,0,0,0
Monsoon,0,0,0
Richard Jeni: A Big Steaming Pile of Me,0,0,0
Forgotten Plague,0,0,0
Blood & Oil,91490353,50000000,41490353
12 Days of Christmas Eve,0,0,0
Mr. Moto's Last Warning,0,0,0
Genghis: The Legend of the Ten,0,0,0
Stealing Cars,0,1000000,-1000000
A Bloody Aria,0,0,0
Bengal Tiger,5600000,2800000,2800000
Run Baby Run,0,0,0
Kaatru Veliyidai,0,0,0
Spy School,0,0,0
Tubelight,0,0,0
Devdas,0,0,0
Hell Bound,0,0,0
A Year and Change,0,0,0
2eleven,0,0,0
Pretty Outrageous,0,0,0
City of Gold,0,0,0
Kayal,3100000,770000,2330000
The Village of No Return,0,0,0
Aan,0,0,0
Soldiers Of The Damned,0,0,0
Smitty,0,0,0
Shogun's Ninja,0,0,0
First Response,0,0,0
Mad Dog Morgan,0,0,0
Homebound,0,0,0
Morris County,0,0,0
The Ungodly,0,0,0
Parvaneh,0,0,0
Hell Commandos,0,0,0
Destiny Turns on the Radio,0,0,0
Tokyo Raiders,0,0,0
Return to Paradise,0,0,0
War of the Dead,0,0,0
Time Kid,0,0,0
The Forgiven,0,15000000,-15000000
Tc Gn: Take Care Good Night,0,0,0
Taking Earth,0,250000,-250000
The Liquidator,0,0,0
Daughter of Dr. Jekyll,0,0,0
A Haunting at Silver Falls,0,2500000,-2500000
Dirty Driving: Thundercars Of Indiana,0,0,0
King of the Zombies,0,0,0
End of the Road: How Money Became Worthless,0,0,0
Keys to Tulsa,57252,0,57252
Manila,0,0,0
Afterlife,0,0,0
Teen Wolf Too,0,0,0
The Sitter,0,0,0
Christmas Solo,0,0,0
Fart: A Documentary,0,0,0
Hate Story IV,3200000,2900000,300000
For the Love of George,0,0,0
A Fall from Freedom,0,0,0
Hot Cars,0,0,0
Frauds,0,0,0
Bob Saget: That Ain't Right,0,0,0
Chatterbox!,0,0,0
A Rising Tide,0,0,0
Daisy,0,0,0
All I Need,0,0,0
White Mile,0,0,0
The Courage to Love,0,0,0
The House of Exorcism,0,0,0
Gangster Land,0,0,0
As You Like It,0,0,0
The Mentor,0,0,0
Hippie Masala - Forever in India,0,0,0
Mariah Carey's All I Want for Christmas Is You,0,0,0
A Life at Stake,0,0,0
Brides of Blood,0,0,0
The Six Wives of Henry Lefay,0,0,0
American Meltdown,0,0,0
Ultrasuede: In Search of Halston,0,0,0
Little Girl,0,0,0
Queen of Spades,0,0,0
Tricks of the Trade,0,0,0
Laser Mission,0,0,0
Hardflip,0,1000000,-1000000
Among Us,0,0,0
Westinghouse,0,0,0
"Bruce Lee: The Man, The Myth",0,0,0
New Hope,0,0,0
Time Toys,0,0,0
The Christmas Dragon,0,0,0
Lonely Boy,0,0,0
Beta,0,0,0
The Sighting,0,0,0
The arrival of Wang,0,0,0
Violets Are Blue,0,0,0
Baazi,0,0,0
108 Stitches,0,0,0
Humraaz,0,0,0
Nowhere Safe,0,0,0
Hopalong Cassidy Returns,0,0,0
The Picture of Dorian Gray,0,0,0
A Million to Juan,1221832,0,1221832
Periods.,0,0,0
Scorpion,0,0,0
Black & White: The Dawn of Justice,1171559,0,1171559
Devil in the Dark,0,743900,-743900
My Dad's a Soccer Mom,0,0,0
Angel Dog,0,1000000,-1000000
Wrong Turn at Tahoe,0,0,0
Sons of Cuba,0,450,-450
Vitality,0,0,0
Adolf Hitler: Pure Evil,0,0,0
John Apple Jack,0,0,0
Innocents in Paris,0,0,0
Mixed Company,0,0,0
Earthrise,0,0,0
Full of Grace,0,0,0
Eating Alabama,0,0,0
Our Gang Follies of 1936,0,0,0
Fugitive Mind,0,0,0
New Fist of Fury,0,10000000,-10000000
Loved Up,0,0,0
Abbott and Costello Christmas Show,0,0,0
Adam Ferrara: Funny As Hell,0,0,0
Ass Backwards,0,3000000,-3000000
Lost Fare,0,0,0
Out in the Open,0,0,0
American Experience: Rachel Carson,0,0,0
Terrortory 2,0,0,0
Gun of the Black Sun,0,0,0
Michael Ian Black: Noted Expert,0,0,0
Instant Death,0,0,0
For One Night,0,0,0
December 7th,0,0,0
Cherry Crush,0,0,0
(A)sexual,0,0,0
Big Bang,0,0,0
Imprint,0,0,0
Affluenza,0,0,0
Miso Hungry,0,0,0
Night of Fear,0,0,0
Bad Blood: A Cautionary Tale,0,0,0
Goodbye Love,0,0,0
Apache Woman,0,0,0
Tart,0,3300000,-3300000
Little Mermaid,0,0,0
Eyes of the Mothman,0,0,0
Soda Springs,0,0,0
Pacific Warriors,0,0,0
Criminally Insane,0,30000,-30000
The Sixth Man: Bluesanity,0,0,0
Murders in the Rue Morgue,0,0,0
Blackmark,0,0,0
Needle Through Brick,0,250000,-250000
Dominion,0,0,0
Savage Sisters,0,230000,-230000
"Surprise, Surprise",0,0,0
"Out of Mind, Out of Sight",0,0,0
The Corpse Grinders,0,47000,-47000
Punk's Dead: SLC Punk 2,0,0,0
Wives Under Suspicion,0,0,0
The Pit,0,0,0
Ava's Impossible Things,0,0,0
Warriors of the Year 2072,0,0,0
Who Gets the Dog?,0,0,0
Agent of Influence,0,0,0
The Unbookables,0,0,0
Fray,0,0,0
Subira,0,0,0
The Wicked Gift,0,0,0
Dam Street,0,0,0
Fatal Trust,0,0,0
A Good Night to Die,0,0,0
Albert Schweitzer,0,0,0
Wicked Blood,0,3500000,-3500000
Ordinary People,0,0,0
Amnesiac,0,3000000,-3000000
True Appaloosa,0,0,0
Coach,0,0,0
Dirty O'Neil,0,0,0
Deep Powder,0,0,0
The Serpent's Kiss,0,0,0
Welcome To Macintosh,0,0,0
The Jodorowsky Constellation,0,0,0
Picking Up the Pieces,0,0,0
Wren Boys,0,0,0
Budo: The Art of Killing,0,0,0
Run to Me,0,0,0
The Lost Coast,0,0,0
The Perfect Gift,0,0,0
A Norml Life,0,0,0
My Lonely Me,0,0,0
The Hoarder,0,0,0
Wildflower,0,0,0
Before I Die,0,0,0
Wild Life,0,0,0
Dirty Wolves,0,0,0
The Daredevils,0,0,0
Queerama,0,0,0
Quaker Oaths,0,100,-100
The Engagement Ring,0,0,0
The Philly Kid,0,5000000,-5000000
The Cat in the Hat Knows a Lot About Christmas!,0,0,0
Ctrl Alt Delete,0,0,0
Clancy Street Boys,0,0,0
Ek Vivaah Aisa Bhi,0,0,0
The Anarchists,0,0,0
Bottled Up: The Battle over Dublin Dr. Pepper,0,0,0
The Rise & Fall of Penn Station,0,0,0
Fire City: End of Days,0,0,0
Not Since You,0,0,0
Rise of the Fellowship,0,0,0
The Mother of Invention,0,60000,-60000
The Haunting of Sorority Row,0,0,0
The Identity Theft of Mitch Mustain,0,0,0
British Intelligence,0,0,0
Crafted,0,0,0
The Klansman,0,5000000,-5000000
Get the Picture,0,0,0
Something to Scream About,0,2000,-2000
Buffed Up,0,0,0
From Inside,0,0,0
Can't You Hear the Wind Howl? The Life & Music of Robert Johnson,0,0,0
Marry Us for Christmas,0,0,0
Born to Win,0,0,0
The Ambassador's Daughter,0,0,0
Hackney's Finest,0,0,0
A Baby for Christmas,0,0,0
Island of the Fishmen,0,0,0
Circus of Fear,0,0,0
While We Live,0,0,0
Indescribable,0,0,0
Arrowhead,0,0,0
The Caretaker,0,0,0
Charlie Chan in the Secret Service,0,0,0
Raju Gari Gadhi 2,0,0,0
The Mind Snatchers,0,0,0
Eat,0,0,0
Russell Brand: End the Drugs War,0,0,0
The Boy from Geita,0,0,0
Enemy of the Reich: The Noor Inayat Khan Story,0,0,0
Janapar,0,0,0
Poultry in Motion: Truth Is Stranger Than Chicken,0,0,0
Last Shop Standing,0,0,0
Carnival Story,0,0,0
Ghosts of the West: The End of the Bonanza Trail,0,0,0
That's the Way of the World,0,0,0
Island of Death,0,0,0
Boggy Creek Monster,0,20000,-20000
Arbor Demon,0,0,0
Lavalantula,0,0,0
Ninja Wars,0,0,0
Uncle Brian,0,0,0
Sonic Christmas Blast,0,0,0
The One Armed Swordsmen,0,0,0
Long Nights Short Mornings,0,0,0
The Rift,0,0,0
Misa's Fugue,0,13000,-13000
Aleksandr's Price,0,0,0
Edge of Isolation,0,0,0
The Clown at Midnight,0,12,-12
7-Man Army,0,0,0
The Undertaker,0,0,0
"George Lopez: Tall, Dark & Chicano",0,0,0
Streetballers,0,0,0
Nightbeast,0,14000,-14000
Shed No Tears,0,0,0
Son of Sofia,0,0,0
The Hollow One,0,0,0
Life with Murder,0,0,0
The Attic Expeditions,0,1000000,-1000000
The Happy House,0,0,0
Midnight Movie,0,0,0
100 Blocks,0,0,0
The Test,0,0,0
El Crazy Che,0,0,0
Lake Eerie,0,0,0
Blood Relative,0,0,0
Blackfly,0,0,0
I Belonged to You,0,0,0
Sweet Home Carolina,0,0,0
Sagebrush Trail,0,0,0
21 Days,0,0,0
I Am Here,0,0,0
Lincoln@Gettysburg,0,0,0
Bloodwork,0,0,0
Silent Trigger,76382,15000000,-14923618
Curse of the Witch's Doll,0,0,0
The Beatles: A Celebration,0,0,0
Jack Reed: One of Our Own,0,0,0
Bob the Drag Queen: Suspiciously Large Woman,0,50000,-50000
The Butch Factor,0,0,0
A Connecticut Yankee in King Arthur's Court,0,0,0
Sex After Kids,0,0,0
I Can I Will I Did,0,0,0
Bangkok Revenge,0,0,0
Black Circle Boys,0,1000000,-1000000
Australien Skies,0,0,0
Lil Rel: RELevent,0,0,0
Facing Mecca,0,0,0
Spirit Camp,0,0,0
"Please, Please Me!",0,4600000,-4600000
Stephen Fry Live: More Fool Me,0,0,0
Strange Invaders,0,0,0
9/11 Inside the Pentagon,0,0,0
Killer Camera Monsters,0,0,0
The Admiral Was a Lady,0,0,0
The Flight That Disappeared,0,0,0
Camilla Dickinson,0,0,0
More Than Frybread,0,0,0
Losers Take All,0,0,0
Grace Kelly: The American Princess,0,0,0
Capture Kill Release,0,0,0
Gharana Mogudu,0,0,0
My Guardian Angel,0,0,0
Dishonored Lady,0,0,0
88,0,0,0
The Silent Enemy,0,0,0
The Lady Refuses,0,0,0
Sleepwalking Land,0,0,0
My Last Love,0,0,0
Rising Tides,0,0,0
The O'Briens,0,0,0
Ek Niranjan,6900000,3800000,3100000
Dirty Movie,0,1150000,-1150000
Casanova Brown,0,0,0
The Age of Blood,0,0,0
Mr. Rock n Roll: The Alan Freed Story,0,0,0
Autopsy,0,0,0
A Long Way From Home,0,0,0
Devo: Hardcore Live!,0,0,0
Mr. What,0,0,0
Assisted Fishing,0,500000,-500000
Banana in a Nutshell,0,0,0
A New High,0,0,0
The Deal,0,0,0
Heroes Two,0,0,0
Hunting Grounds,0,0,0
"Shoot, Gringo... Shoot!",0,0,0
Are You in the House Alone?,0,0,0
Lucky Stiff,0,0,0
Seven Deaths in the Cat's Eye,0,0,0
The Wedding Invitation,0,0,0
Reflections of Evil,0,0,0
Ghosting,0,0,0
The Slowest Gun in the West,0,0,0
Fallacy,0,0,0
Ghosthouse,0,0,0
The Beat Hotel,0,0,0
No Beast So Fierce,0,0,0
Stranger in Our House,0,0,0
Dangerous Edge: A Life of Graham Greene,0,0,0
High Society: A Pot Boiler,0,0,0
1st Strike,0,0,0
Aatagadharaa Siva,0,175000,-175000
Platinum the Dance Movie,0,0,0
Atone,0,0,0
Diana Krall - Live in Rio,0,0,0
Breaking Legs,0,0,0
Fear in the Night,0,0,0
A Fine Step,0,0,0
The Price Of Fame,0,0,0
The Good Life,0,0,0
Brian Posehn: The Fartist,0,0,0
Forest of the Dancing Spirits,0,0,0
Hide and Creep,0,0,0
Chance of a Lifetime,0,0,0
Reach for Me,0,0,0
Pilgrim Song,0,0,0
The Ghost Galleon,0,0,0
After the Fall,0,0,0
Rhinos,0,5600,-5600
A Dangerous Place,0,0,0
My Favorite Five,0,0,0
Leftovers,0,0,0
Second Chorus,0,0,0
Little Crumb,0,0,0
Charge Over You,0,40000,-40000
Martian Land,0,0,0
Freedom Road,0,0,0
The Kitchen,0,0,0
Megha,0,0,0
Illicit Behavior,0,0,0
Primo,0,0,0
Faraway,0,0,0
Bride of the Gorilla,0,0,0
Someone Else,0,0,0
Brothers of War,0,1700000,-1700000
The Race Underground,0,0,0
Classic Albums: John Lennon - Plastic Ono Band,0,0,0
D.L. Hughley: Going Home,0,0,0
The Night Before Christmas,0,0,0
"Liars, Fires and Bears",0,0,0
Finding Hillywood,0,500000,-500000
The Sword Stained with Royal Blood,0,0,0
Future World,0,0,0
Living Dark: The Story of Ted the Caver,0,0,0
Catch the Wind,0,0,0
A Wonderful Cloud,0,0,0
The New Adventures of Peter Rabbit,0,0,0
The Park Bench,0,0,0
Appointment in Honduras,0,0,0
California Dreaming,0,0,0
Brackenmore,0,0,0
Love Is Thicker Than Water,0,0,0
Death and Texas,0,0,0
Resistance Movement,0,0,0
Summer Solstice,0,2625498,-2625498
Wacko,0,0,0
Tulsa,0,0,0
Bryan Callen: Never Grow Up,0,0,0
Fireman Sam: Heroes of the Storm,0,0,0
Bernadette,0,2000000,-2000000
Brief Encounter,0,0,0
Heart Attack,0,0,0
Jungle Shuffle,0,10000000,-10000000
Big Muddy,0,0,0
Passion Play,25603,8000000,-7974397
Absinthe,0,0,0
The Aviation Cocktail,0,0,0
Franklin's Magic Christmas,0,0,0
My First Love,0,0,0
Don't Click,0,0,0
"Blackbeard, the Pirate",0,0,0
Hello I Love You,0,0,0
Bowery at Midnight,0,0,0
Love Birds,0,0,0
I Am I,0,112000,-112000
Losing In Love,0,0,0
Jaya Janaki Nayaka,0,0,0
A Haunting on Hamilton Street 2: The Stable,0,0,0
"Twelfth Night, or What You Will",0,0,0
"20,000 Leagues Under the Sea",0,0,0
Arizona Seaside,0,0,0
A Time to Remember,0,0,0
All's Faire in Love,0,0,0
Alpha and Omega: Family Vacation,0,0,0
The Gay Deceivers,0,0,0
Zombie Apocalypse,0,0,0
Naaigal Jaakirathai,1,630000,-629999
Stalked by My Doctor: The Return,0,0,0
Invasion of the Space Preachers,0,100000,-100000
Legend of the Lost,2200000,1750000,450000
To the Beat,0,0,0
Gun Woman,0,0,0
Uniform,0,0,0
Mr In-Between,0,0,0
Top of the Heap,0,0,0
American Backwoods: Slew Hampshire,0,0,0
How to Beat a Bully,0,0,0
ClownTown,0,0,0
Down Three Dark Streets,0,0,0
8 Assassins,0,0,0
The Road Uphill,0,0,0
Sleeping Giant: An Indian Football Story,0,0,0
3 of a Kind,0,0,0
Do You Know Me,0,0,0
When Harry Tries to Marry,38261,0,38261
Every Child,0,0,0
Nene Raju Nene Mantri,0,0,0
Ushijima the Loan Shark Part 2,0,0,0
Eat My Dust,0,0,0
Karma,0,0,0
Brittown,0,0,0
Thirsty,0,0,0
Lake of Dracula,0,0,0
"Easy to Learn, Hard to Master: The Fate of Atari",0,0,0
Frozen Silence,0,0,0
Capps Crossing,0,0,0
Gold,0,2,-2
Death on a Factory Farm,0,0,0
The Lion of Judah,0,15000000,-15000000
Bob Mould: Circle of Friends,0,0,0
Gallagher: the Bookkeeper,0,0,0
A Daughter's Nightmare,0,0,0
Klansville U.S.A.,0,0,0
Tear Me Apart,0,0,0
2 Night,0,0,0
Top Ten Monks,0,0,0
The Only Thrill,0,0,0
Hitler's Britain,0,500000,-500000
All the Love You Cannes!,0,0,0
"Caltiki, the Immortal Monster",0,0,0
Robo Vampire,0,2500000,-2500000
The Bonnie Parker Story,0,0,0
Blue Ridge,0,1,-1
Calm at Sea,0,0,0
Racing Colt,0,0,0
The Last Truck: Closing of a GM Plant,0,0,0
Ninah's Dowry,0,0,0
Foreign Exchange,0,1000000,-1000000
Rock Hudson's Home Movies,0,0,0
Looking For Lola,0,0,0
The Incredible Melting Man,0,250000,-250000
Tanzania Transit,0,0,0
Josh Blue: Sticky Change,0,0,0
Devil in My Ride,0,0,0
Lord Montagu,0,0,0
The Boys Club,0,0,0
The Domino Principle,0,0,0
Mausoleum,0,0,0
The Day the '60s Died,0,0,0
Pursued,0,5500000,-5500000
The Donner Party,0,0,0
Islamic Art: Mirror of the Invisible World,0,0,0
The Lost World of Mr. Hardy,0,0,0
Within the Whirlwind,0,0,0
Death at a Barbecue,0,0,0
Swelter,0,8000000,-8000000
Apocalypse Soon: The Making of 'Citizen Toxie',0,0,0
5150,0,5000000,-5000000
The Divine Tragedies,0,0,0
Chasing Fifty,0,0,0
The Maker,0,0,0
Bob Saget: Zero to Sixty,0,0,0
Into the Sun,0,15000000,-15000000
The Man of the Crowd,0,0,0
The Giant Spider,0,7500,-7500
My Brother the Time Traveler,0,0,0
Yamasong: March of the Hollows,0,0,0
Sunday Morning Rapture,0,0,0
Phir Milenge,0,0,0
Invitation to Hell,0,0,0
El enamorado,0,0,0
Life Off Grid,0,0,0
I'm Now: The Story Of Mudhoney,0,0,0
Lift,0,0,0
Max and Mona,0,0,0
"Mr. Wong, Detective",0,0,0
C.C. and Company,0,0,0
Success Is the Best Revenge,0,0,0
Gremlin,0,0,0
The Cub Tiger from Kwang Tung,0,0,0
Taken Heart,0,0,0
Barn Burning,0,0,0
Electric Slide,0,3000000,-3000000
Christmas Belles,0,0,0
Wolves in the Snow,0,500000,-500000
Jens Pulver: Driven,0,0,0
Dangerously Close,2390525,0,2390525
Pinochet's Last Stand,0,0,0
A Haunting at the Hoyt Library,0,0,0
Always Watching: A Marble Hornets Story,0,0,0
Black Field,0,0,0
Fatty Joins the Force,0,0,0
Lakay,0,0,0
The Pastor and the Pro,0,0,0
New Faces,0,0,0
The Bigfoot Election,0,0,0
"Rio, I Love You",0,0,0
West End,0,0,0
Torment,0,0,0
John Wycliffe,0,0,0
Endgame,0,0,0
The Passing,0,0,0
Fortress 2,0,11000000,-11000000
No Manches Frida 2,0,0,0
My Dear Secretary,0,0,0
Vietnam: American Holocaust,0,35000,-35000
In the Custody of Strangers,0,0,0
The Perfect Age of Rock 'n' Roll,0,5000000,-5000000
Prince Among Slaves,0,800000,-800000
"Died Young, Stayed Pretty",0,0,0
Paranormal Island,0,2000000,-2000000
The Torture Chamber of Dr. Sadism,0,0,0
The Cry Baby Killer,600000,50000,550000
Fireman Sam: The Great Fire of Pontypandy,0,0,0
The Strongest Man,0,0,0
Vigil,0,0,0
Mango Souffle,0,0,0
The Lady and the Highwayman,0,0,0
The Tents,0,0,0
Night Mayor,0,0,0
Heroes Don't Come Home,0,0,0
Trump: The Art of the Insult,0,0,0
Rudy Ruettiger: The Walk On,0,0,0
The Fence (La Barda),0,0,0
Odd Squad: The Movie,0,0,0
The Coca-Cola Case,0,0,0
Dwayne Perkins: Take Note,0,0,0
Behind Green Lights,0,0,0
A Cadaver Christmas,0,0,0
The Sun Sets at Dawn,0,0,0
A Beautiful Now,0,0,0
Peony Pavilion,0,0,0
Freddie Mercury: The King of Queen,0,0,0
Making a Killing,0,0,0
Guess What We Learned in School Today?,0,0,0
Dinotasia,0,0,0
YZ,0,0,0
The Oily Maniac,0,0,0
Pablo,0,0,0
To Play or to Die,0,0,0
Alistair1918,0,0,0
The Shadow Strikes,0,0,0
Sky Line,0,0,0
Rogue Saints,0,100000,-100000
The Swinging Cheerleaders,0,150000,-150000
Burn the Ships,0,0,0
Radioman,0,0,0
Insecticidal,0,0,0
The Covenant,0,0,0
Henry VII: Winter King,0,0,0
One Shot,0,0,0
Somebody's Hero,0,0,0
Night Zero,0,0,0
Edge,0,0,0
The Networker,0,0,0
School's Out,0,0,0
Standing Ovation,531826,0,531826
Black Luck,0,0,0
Calamity Jane and Sam Bass,0,0,0
Danny,0,0,0
Betty Blowtorch: And Her Amazing True Life Adventures,0,0,0
Restoration,0,0,0
The Mason Brothers,0,0,0
Fits and Starts,0,0,0
Courage,0,0,0
Wannabes,0,0,0
Adjust Your Color: The Truth of Petey Greene,0,0,0
Vegas: Based on a True Story,0,0,0
Three Men From Texas,0,0,0
Solva Saal,0,0,0
Dooman River,0,0,0
Man of Iron,0,0,0
Durant's Never Closes,0,0,0
Song of the South: Duane Allman and the Birth of the Allman Brothers Band,0,0,0
The Killing of Angel Street,0,0,0
Prince: A Purple Reign,0,0,0
Charlotte's Song,0,0,0
The Good Student,0,0,0
A Life Among Whales,0,0,0
Kaatrin Mozhi,0,0,0
Here Comes Trouble,0,0,0
The Ashram,0,0,0
In the Woods,0,0,0
Son-Rise: A Miracle of Love,0,0,0
Werewolf in a Girls' Dormitory,0,0,0
Trampoline,0,0,0
Street Level,0,0,0
The Apple Pushers,0,0,0
Engrams,0,0,0
40 Days at Base Camp,0,0,0
A Matter of Sex,0,0,0
The Hills Have Eyes Part 2,0,700000,-700000
Hi Diddle Diddle,0,0,0
Friended to Death,0,0,0
Swarg,0,0,0
Slightly Scarlet,0,0,0
Be Mine,0,0,0
Caught in the Game,0,0,0
The Haunting of Hell House,0,0,0
Mad,378858340,150000000,228858340
A Doll's House,0,0,0
Sam Kinison: Why Did We Laugh?,0,0,0
Yes: Symphonic Live,0,0,0
Valerie,0,0,0
Happiness is a Four-Letter Word,0,0,0
Blood Sabbath,0,0,0
Women & Sometimes Men,1215691,2000000,-784309
Stalked by My Mother,0,0,0
Paul McCartney Really Is Dead: The Last Testament of George Harrison,0,0,0
Falling from the Sky: Flight 174,0,0,0
Space Dogs,6500000,25000000,-18500000
Friends Effing Friends Effing Friends,0,0,0
Madeline: My Fair Madeline,0,0,0
Top Cat Begins,0,8000000,-8000000
Today and Tomorrow,0,0,0
Room to Move,0,0,0
Armistice,0,0,0
Christmas on Holly Lane,0,0,0
Belvedere,0,0,0
The Web of Death,0,0,0
Colt Comrades,0,0,0
Laugh Killer Laugh,0,0,0
Santa and Pete,0,0,0
The Shadow of Chikara,0,0,0
Hoppy Serves A Writ,0,0,0
Hell's Kitty,0,0,0
Christmas Child,0,0,0
My Grandmother Ironed the King's Shirts,0,0,0
Black Roots,0,0,0
The Green Glove,0,0,0
Pauly Shore Stands Alone,0,0,0
The Adventures of Ociee Nash,0,0,0
If These Knishes Could Talk: The Story of the NY Accent,0,0,0
Andrew Santino: Home Field Advantage,0,0,0
Asteroid vs Earth,0,0,0
Cup of Love,0,0,0
Field Punishment No.1,0,0,0
Holy Flame of the Martial World,0,0,0
The Nutcracker Sweet,0,0,0
The Blueberry Hunt,0,0,0
We've Forgotten More Than We Ever Knew,0,0,0
Prince of Bel Air,0,0,0
Drive Thru,0,0,0
Net Worth,0,0,0
His Double Life,0,0,0
Andrew Dice Clay: Indestructible,0,0,0
Pray for Rain,0,0,0
The Death Kiss,0,0,0
Princes of the Yen,0,0,0
"Watch Me, Alone",0,0,0
Sweet Karma,0,0,0
Sharktopus vs. Whalewolf,0,6000000,-6000000
One Rainy Afternoon,0,0,0
The Rooftop Christmas Tree,0,0,0
Earth Angel,0,0,0
Shadows & Lies,2735731,14000000,-11264269
The Keeper,0,4000000,-4000000
Clockwork Orange County,0,0,0
Maniac Cop 3: Badge of Silence,0,0,0
Crisis Point,0,0,0
Bullwhip,0,0,0
Livin' for Love: The Natalie Cole Story,0,0,0
Cruel Will,0,80000,-80000
Deadtime Stories,2750741,0,2750741
Little Fugitive,0,500000,-500000
Blue Tiger,0,0,0
Bad is Bad,0,0,0
Mercy Christmas,0,0,0
A Night with Lou Reed,0,0,0
Jenny McCarthy's Dirty Sexy Funny,0,0,0
"Duch, Master of the Forges of Hell",0,0,0
Bears,0,0,0
Evil of Dracula,0,0,0
The Bandit Hound,0,3000000,-3000000
Drive Hard,0,12000000,-12000000
Pilgrim's Progress,0,0,0
Curse of the Mayans,0,3000000,-3000000
Rekka,0,0,0
All at Once,0,1500000,-1500000
Holy Matrimony,616938,0,616938
A Promise of Time Travel,0,0,0
The Assassin's Code,0,1850000,-1850000
Ascent to Hell,0,0,0
16 Photographs at Ohrdruf,0,0,0
Journey Together,0,0,0
Del Shores: Sordid Confessions,0,0,0
Candlestick,0,0,0
Yellow Fever,0,0,0
Forgotten,0,0,0
Welcome to Kutsher's: The Last Catskills Resort,0,0,0
We Were Wolves,0,0,0
3 A.M,0,0,0
Atlas in the Land of the Cyclops,0,0,0
Indomitable: The dragonphoenix chronicles,0,14000,-14000
Antarctica,0,0,0
Blackbelt,0,0,0
Life in the Hole,0,0,0
Welcome to Paradise,0,0,0
Santa Claus Conquers the Martians,0,200000,-200000
A Cry from the Streets,0,0,0
House by the Lake,0,300000,-300000
Rage at Dawn,0,0,0
The Green Dragon Inn,0,0,0
Dracula: The True Story,0,0,0
Confidence Girl,0,0,0
Short Skin,0,0,0
Go Tell It On The Mountain,0,0,0
Fatal Call,0,0,0
Kruel,0,2000000,-2000000
Trouble Bound,0,0,0
3 Hours till Dead,0,0,0
City Beneath the Sea,0,0,0
Stuck on You!,9,150,-141
Riddle Room,0,0,0
Richard Jeni: Platypus Man,0,0,0
Gang of Roses,0,0,0
Up Syndrome,0,0,0
Taken Too Far,0,1000000,-1000000
The Cannibal Man,57696,0,57696
Forget Me Never,0,0,0
Limbo,0,0,0
Bikini Model Academy,0,1500000,-1500000
The Swiss Conspiracy,0,0,0
Mercenary for Justice,0,15000000,-15000000
Beyond the Law,0,0,0
Dohchay,0,0,0
Black Eagle,0,3000000,-3000000
Lies I Told My Little Sister,0,0,0
Ek Phool Do Mali,0,0,0
Nashville Girl,0,0,0
Base,0,1200000,-1200000
Winterhawk,0,0,0
A Long Way Off,28951,500000,-471049
My Last Round,0,0,0
Wolf,33086611,0,33086611
Viva Algeria,0,0,0
Divination,0,0,0
The Speed Kings,0,0,0
Wesley Willis: The Daddy of Rock 'n' Roll,0,0,0
Alison's Choice,0,270,-270
100% arabica,0,0,0
Maki,0,0,0
"Dark, Deadly & Dreadful",0,0,0
Scattered Dreams,0,0,0
After Mein Kampf,0,0,0
Quick,0,0,0
The Dark Side of The Moon,0,0,0
Cheers For Miss Bishop,0,0,0
Kill and Pray,0,0,0
Milan,0,0,0
Maz Jobrani: Brown and Friendly,0,0,0
Buttwhistle,0,0,0
Gary Gulman: Boyish Man,0,0,0
8 X 10 Tasveer,0,0,0
Parts Per Billion,15000000,1300000,13700000
Led Zeppelin: The Origin of the Species,0,0,0
Holy Man: The USA vs Douglas White,0,0,0
Cyclone,0,0,0
100 Days Before the Command,0,0,0
"The Life, Blood and Rhythm of Randy Castillo",0,0,0
Mothers of the Bride,0,0,0
Access to the Danger Zone,0,0,0
The Hangman,0,0,0
Starboard Light,0,0,0
The Real King's Speech,0,0,0
The Conquest of Everest,0,0,0
Shanty Tramp,0,0,0
Epoch,0,0,0
The Cutter,0,6000000,-6000000
Hansel and Gretel,0,0,0
Outpost 11,0,406100,-406100
Mechanical Love,0,0,0
The Complex,0,0,0
Christmas Crash,0,0,0
When Stand Up Stood Out,0,0,0
Interference,0,0,0
The Lights of Ten Thousand Homes,0,0,0
Scott's Pizza Tours,0,0,0
Riders of Destiny,0,0,0
Can She Bake A Cherry Pie?,0,0,0
Central Park,0,0,0
The Legend of King Solomon,0,0,0
Nerve,0,0,0
The Ark,0,0,0
Silver Rain,0,0,0
2 Jacks,0,0,0
Truck Stop Women,0,0,0
Welcome Nowhere,0,0,0
Kshanbhar Vishranti,0,0,0
Alice of Wonderland in Paris,0,0,0
Dark Legacy,0,0,0
In Search of Ancient Mysteries,0,0,0
The Great Smokey Roadblock,0,0,0
Clara and Me,0,0,0
American Violence,0,0,0
The Ghost in the Invisible Bikini,0,0,0
Mirror Mirror 2: Raven Dance,0,0,0
Lady Death,0,0,0
The Rebound,0,0,0
The Devil Within,0,0,0
Diego Star,0,0,0
Deadly Hero,0,0,0
Going to War,0,200000,-200000
There Once was an Island: Te Henua e Nnoho,0,0,0
The Fearless Young Boxer,0,0,0
Trouble in Paradise,0,0,0
A Horse Called Bear,0,0,0
A Society Sensation,0,0,0
Fugitive Rage,0,0,0
Indiscreet,0,0,0
Zinda,0,0,0
Efterklang: The Ghost of Piramida,0,0,0
A Woman in Danger,0,0,0
"20,000 Miles on a Horse",0,0,0
8 Wheels & Some Soul Brotha' Music,0,0,0
Ice Princess Lily,0,0,0
Under Western Stars,0,0,0
Johnny Was,0,4300000,-4300000
Beau Jest,0,0,0
Who Is Alice?,0,0,0
Martin Clunes & a Lion Called Mugie,0,0,0
Hell's Belles,0,0,0
Boyz 2,0,0,0
My Brother Jack,0,0,0
Long Live The King,0,40000,-40000
Karam,0,0,0
Char·ac·ter,0,0,0
Shadow Zombie,0,0,0
Summercamp!,0,500000,-500000
Alcatraz Prison Escape: Deathbed Confession,0,0,0
All Through the House,0,0,0
Shuttle Life,0,0,0
The Beaumonts,0,0,0
Impulse,0,0,0
The Tormented,0,0,0
A Fly in the Champagne,0,0,0
Death Bed: The Bed That Eats,0,30000,-30000
The Summer of All My Parents,0,0,0
Mondo Cane 2,0,0,0
Section 60: Arlington National Cemetery,0,0,0
Vintage Sinatra,0,0,0
Too Cold to Swim,0,0,0
Foreign Letters,0,0,0
The Man with My Face,0,0,0
Lucy Calls the President,0,0,0
Hurricane,0,0,0
Two Mothers for Zachary,0,0,0
Cary Grant: A Celebration of a Leading Man,0,0,0
Titanic's Tragic Twin: The Britannic Disaster,0,0,0
The Tightrope,0,0,0
Kung Fu Zombie,0,0,0
Bailey's Billion$,0,9000000,-9000000
Love & Teleportation,102820008,30000000,72820008
The Kansan,0,0,0
Getting to the Nutcracker,0,0,0
October Moon,40000,13000,27000
The Highest Pass,0,0,0
Slaughter Daughter,0,0,0
The Pumpkin Karver,0,0,0
Treasure State,0,0,0
OCD and Me,0,0,0
Hard Country,0,0,0
Terror! Death! Revenge!,0,25000,-25000
Murder Obsession,0,0,0
Boston Kickout,0,0,0
Bubba the Redneck Werewolf,0,0,0
Ernest Goes to Africa,0,0,0
10 Magnificent Killers,0,0,0
Egypt's Lost Queens,0,0,0
Her Infidelity,0,0,0
The Thread,0,0,0
The Wedding Dress,0,0,0
Payload,0,0,0
Side Streets,0,0,0
I Am Road Comic,0,0,0
Dirt Road to Psychedelia: Austin Texas During the 1960s,0,0,0
Blood of the Vampire,0,0,0
Cave Women on Mars,0,10000,-10000
The Spanish Earth,0,0,0
When I Knew,0,0,0
School Spirit,0,0,0
Netherbeast Incorporated,0,0,0
After the Reality,0,0,0
TRANS,0,0,0
Angel on the Right,0,0,0
The Greeks Had a Word for Them,0,0,0
The Christmas Carol,0,0,0
Please Murder Me,0,0,0
What Happens Next,0,200000,-200000
Ultimate Heist,0,0,0
"Kiss Me, Kill Me",0,0,0
Without Evidence,0,0,0
The German Friend,0,0,0
Red Sun Rising,0,0,0
Coffee & Pie,0,0,0
A Real American Hero,0,0,0
In Search of Balance,0,0,0
Passage to Zarahemla,0,0,0
The Devil's Hand,0,0,0
Captain Jack,0,0,0
CLONED: The Recreator Chronicles,0,0,0
Rhythm and Blues Revue,0,0,0
"Anytown, USA",0,0,0
Seven Alone,0,0,0
The Custodian,0,0,0
I Will Be Murdered,0,0,0
Brian Posehn: Posehn 25x2,0,0,0
Wyeth,0,0,0
Harm's Way,0,0,0
Capital Games,0,0,0
Tonight She Comes,0,0,0
Aa Gaye Munde U.K. De,0,0,0
Dr. Otto and the Riddle of the Gloom Beam,0,0,0
Dirty Lies,0,1000000,-1000000
The Long Way Back: The Story of Todd Z-Man Zalkins,0,0,0
Oh happy day,0,0,0
The Unnamable,0,0,0
Illuminating Angels & Demons,0,0,0
Zid,1268395,1556288,-287893
Once in a New Moon,0,0,0
Blood Thirst,0,0,0
This Is Meg,0,0,0
Comedy Warriors: Healing Through Humor,0,0,0
The Nursery,0,0,0
"Myq Kaplan: Small, Dork and Handsome",0,0,0
The Shadow Whip,0,0,0
The Deadly Duo,0,0,0
In The Night Kitchen,0,0,0
The House on Tombstone Hill,0,0,0
Ben & Ara,94061311,100000000,-5938689
Lumberjack,0,0,0
Spare Change,0,0,0
The Lone Gun,0,0,0
Gentlemen in White Vests,0,0,0
The Mutations,0,0,0
Steel Frontier,0,0,0
Super Hustle,0,0,0
Bunker77,0,0,0
Bee Sting,0,0,0
Pussycats Paradise,0,0,0
Exposed,0,0,0
Time Please,0,0,0
Death to Prom,0,0,0
Minsaara Kanavu,0,0,0
Jungle Heat,0,0,0
Bedside Manner,0,0,0
Slednecks 13,0,150000,-150000
Casting Couch,0,0,0
Spies of Mississippi,0,0,0
God's Outlaw,0,0,0
My Friend from the Park,0,0,0
Hard Boiled Sweets,0,0,0
Gallagher: The Maddest,0,0,0
The Initiation of Sarah,0,0,0
Last Girl Standing,0,0,0
Avengers Grimm: Time Wars,0,0,0
Cantonen Iron Kung Fu,0,0,0
We Are Skateboarders,0,0,0
The Trials of Ted Haggard,0,0,0
American Arab,0,0,0
"Shake, Rattle and Rock!",0,0,0
Passion's Way,0,0,0
Our War,0,0,0
Blood Feud,0,0,0
Planet Outlaws,0,0,0
Candyman: The David Klein Story,0,0,0
The Coffin,0,0,0
Mega Shark vs. Giant Octopus,0,0,0
A Normal Life,0,10000,-10000
Crafting a Nation,0,0,0
Outbreak: Anatomy of a Plague,0,1095897,-1095897
Spooks Run Wild,0,0,0
The Finger,0,0,0
Black Spurs,0,0,0
Killing American Style,0,0,0
The Adventures of Barry McKenzie,0,0,0
Recovery,0,0,0
Gallows Road,0,0,0
Blood and Concrete,0,0,0
Lake City,0,0,0
Streetwalkin',0,0,0
Kireedam,500000,500000,0
The Coverup,0,1500000,-1500000
Red Velvet,0,0,0
Leather Burners,0,0,0
Three on the Trail,0,0,0
The Last Starship,0,0,0
Occupant,0,0,0
Mutiny in Outer Space,0,0,0
Super Sucker,0,0,0
Cut in Half,0,0,0
Anchors Up,0,0,0
Young Turks,0,0,0
Mind Killer,0,0,0
Blind Turn,0,199000,-199000
Hidden Moon,0,0,0
Night of the Cobra Woman,0,0,0
Off Piste,0,32000,-32000
Free Fall,0,0,0
Just a Little Chemistry,0,0,0
Birth of a Movement,0,0,0
I Survived a Zombie Holocaust,0,0,0
My First War,0,0,0
September Eleven 1683,0,16000000,-16000000
Dead Kennedys: The Early Years,0,0,0
Death and Cremation,0,0,0
The Planter's Wife,0,0,0
Amanda and the Fox,0,0,0
La Cucaracha,0,0,0
The Big Lie: American Addict 2,0,0,0
Great Guy,0,0,0
Flesh Eating Mothers,0,0,0
Armaan,0,0,0
Flight to Hong Kong,0,0,0
Cut!,0,5000000,-5000000
"Krakatoa, East of Java",0,0,0
Boppin' at the Glue Factory,0,0,0
Caged,0,0,0
In the Blood,0,0,0
Kilometre Zero,0,0,0
Love Eternal,0,0,0
The Posthuman Project,0,60000,-60000
The Dickumentary,0,0,0
Red Room,0,46921,-46921
Konga,0,0,0
Night Time in Nevada,0,0,0
Marry Me For Christmas,0,0,0
Top Coat Cash,0,0,0
Route 9,0,0,0
Life in Danger,0,0,0
Portland Exposé,0,0,0
Blood Brothers,0,0,0
Bear Shooters,0,0,0
Christmas in Wonderland,0,0,0
Don't Look in the Basement 2,0,0,0
Beast,377350553,25000000,352350553
Aviyal,0,0,0
Desecrated,0,0,0
The Guest House,0,250000,-250000
Go Brother!,0,0,0
The Creature Below,0,0,0
The Liberators,0,0,0
Newman,0,500,-500
Hospitalité,0,0,0
29 Palms,0,5000000,-5000000
The Legend of Seven Cutter,0,1700000,-1700000
The Glorious Seven,0,0,0
I Need You to Kill,0,0,0
The Hybrids Family,0,0,0
Christmas in Cartoontown,0,0,0
Race 3,0,0,0
Dawn,25836616,19000000,6836616
Flu Bird Horror,0,0,0
Tortoise in Love,0,650,-650
Sacred Vow,0,0,0
Creature,0,750000,-750000
The Pineville Heist,0,0,0
Unaware,0,0,0
Andaaz,0,0,0
The Miracle of the Cards,0,0,0
Harry & Meghan: A Modern Royal Romance,976475550,125000000,851475550
The Big Fat Stone,0,0,0
Mars Calling: Manifest Destiny or Grand Illusion?,0,0,0
Ye Mantram Vesave,0,0,0
Act of Vengeance,0,0,0
Under the Red Robe,0,0,0
Three Blind Mice,0,0,0
Solitary,5024782,15000000,-9975218
18 Shaolin Riders,0,0,0
Rasputin,0,0,0
Confessions Of An Innocent Man,0,0,0
Katherine,0,0,0
Citizen Jane,0,0,0
Not Another Zombie Movie....About the Living Dead,15000,0,15000
Doc West II,0,0,0
Ski Party,0,0,0
Die in One Day,0,0,0
Before the Sun Explodes,0,0,0
Good Enough,0,0,0
Joel,0,3000,-3000
Alien Strain,0,0,0
Blood Craft,0,0,0
The Warrior and the Sorceress,0,0,0
Magic Money: The Bitcoin Revolution,0,0,0
Bryan Callen: Man Class,0,0,0
The Christine Jorgensen Story,0,0,0
Mandie and the Cherokee Treasure,0,0,0
The Impatient Alchemist,0,0,0
BBOY for LIFE,0,0,0
Breathing Fire,0,0,0
Boris Without Beatrice,0,0,0
The Lake Vampire,0,0,0
Vamps,0,0,0
The Fergusons,0,0,0
Well Wishes,0,0,0
Ice Breaker,0,0,0
Gregory Go Boom,0,0,0
Fugue,0,0,0
Lost Colony,0,0,0
Angel Town,855810,855,854955
Sorority House Massacre,0,0,0
Aar Paar,0,0,0
Tammy Pescatelli: Finding the Funny,0,0,0
Women of the World,0,0,0
The Smokers,0,0,0
The Coming Convergence,0,0,0
"Don't Ask, Don't Tell",0,0,0
The Mosquito Problem and Other Stories,0,0,0
A Warm Wind,0,0,0
"China 9, Liberty 37",0,0,0
Skinheads USA: Soldiers of the Race War,0,0,0
Stealing Time,0,0,0
Shorebreak: The Clark Little Story,0,0,0
Springtime in the Sierras,0,0,0
The Surface,0,0,0
High Voltage,0,0,0
Legacy of Fear,0,0,0
The Strange Name Movie,0,0,0
Hidden Gold,0,0,0
Ronald Reagan: An American Journey,0,0,0
Healed by Grace,0,25000,-25000
Knife Point,0,0,0
Life of Significant Soil,0,0,0
Con Men,0,0,0
Busted,0,0,0
Never Met Picasso,0,0,0
Dana Carvey: Squatting Monkeys Tell No Lies,0,0,0
Warlock Moon,0,0,0
Catch a Falling Star,0,0,0
Savva. Heart of the Warrior,0,30000000,-30000000
Look at Me,0,0,0
Life on Us: A Microscopic Safari,0,0,0
Bed & Breakfast,0,0,0
Louie Anderson: Big Baby Boomer,0,0,0
Dogora,0,0,0
Picture Claire,10002,0,10002
Killing Jimmy Hoffa,0,0,0
The Wild Ride,0,30000,-30000
Another American Crime,175742,180000,-4258
Big Bad Mama II,0,0,0
The Ghost,0,0,0
Follow the Boys,2000000,0,2000000
Jump,201585328,42000000,159585328
Sharknado: Feeding Frenzy,0,0,0
Yakuza Weapon,0,600000,-600000
Skew,0,0,0
Wet Behind the Ears,0,12000,-12000
The Bouquet,0,0,0
Personal Tailor,0,0,0
Karate Warriors,0,0,0
Nic & Tristan Go Mega Dega,0,500000,-500000
Boa vs. Python,0,1200000,-1200000
Lost Lake,0,450000,-450000
True Friends,0,0,0
Born of Fire,0,0,0
Steve Byrne: The Byrne Identity,0,0,0
Berlin Troika,0,0,0
New Orleans: Music in Exile,0,0,0
Kotha Bangaru Lokam,0,0,0
Snakeskin,0,0,0
Head Cases: Serial Killers in the Delaware Valley,0,0,0
Stock Option,0,0,0
Night of the Templar,0,3230000,-3230000
Ghosthunters,0,0,0
Return to Horror High,0,0,0
I Am Soldier,0,0,0
VANish,0,0,0
All In,0,0,0
Stretch Marks,0,0,0
The Strange Life of Dr. Frankenstein,0,0,0
Derby Dogs,0,907000,-907000
The Black Candle,0,0,0
Capture,0,0,0
Aliens and Agenda 21,0,0,0
Lady Gaga: One Sequin at a Time,153,0,153
Caffeinated,0,200000,-200000
The Dwarves of Demrel,0,0,0
Jail Bait,0,0,0
Blood Child,0,0,0
Chase the Stars,0,0,0
Saving Westbrook High,0,0,0
Going Private,0,0,0
Steel,0,0,0
Evangeline,0,0,0
Soursweet,0,0,0
It Happened Here,0,0,0
Three for Bedroom C,0,0,0
Double Identity,0,0,0
Becoming Queen,0,0,0
The Least of These,0,1000000,-1000000
The Beautiful Ones,0,0,0
Axegrinder,0,0,0
Search for the Jewel of Polaris: Mysterious Museum,0,0,0
All Hallows' Eve 2,0,0,0
A Place In Hell,0,0,0
Kansas,0,0,0
Ghost Writer,0,0,0
William Kelly's War,0,0,0
The Silent Revolution of Truth,0,0,0
Being Awesome,0,0,0
"Don't Swallow My Heart, Alligator Girl",0,0,0
"Salome, Where She Danced",0,0,0
The Encounter,0,0,0
McBain,0,0,0
Dragon Eyes,0,3000000,-3000000
America,370569774,140000000,230569774
Mixed Match,0,0,0
Alpha Wolf,0,1200000,-1200000
"Mabel, Fatty and the Law",0,0,0
Love is the Word,0,0,0
Devil Girl from Mars,0,0,0
Demon Wind,0,500000,-500000
Anatomy of an Illness,0,0,0
Easter Bunny Kill! Kill!,0,0,0
Ninja: The Final Duel,0,0,0
186 Dollars to Freedom,0,0,0
The Big Trees,0,0,0
Approaching Midnight,0,0,0
Invisible Ghost,0,0,0
Julie Walking Home,0,0,0
Something in the Woods,0,0,0
Punk in Africa,0,0,0
Timestalkers,0,0,0
Wide Open Town,0,0,0
Off Label,0,0,0
Tommy,0,4000000,-4000000
Nuremberg Trials,0,0,0
"Sincerely, Brenda",0,0,0
Hurt,49230772,15000000,34230772
Ek Ajnabee,0,0,0
StalkHer,0,1450000,-1450000
Wild Kratts: Creepy Creatures,0,0,0
Tokyo Cowboy,0,0,0
Who Killed Nelson Nutmeg?,0,0,0
Five Minutes to Live,0,0,0
Erosion,0,0,0
A Night In the Woods,0,0,0
Pray for Japan,0,0,0
Devil's Dynamite,0,0,0
Dead Mary,0,0,0
Killing Heat,0,0,0
Rent-a-Cop,0,0,0
Murder Most Likely,0,0,0
Jackson Browne: Going Home,0,0,0
Christmas in the City,0,2000000,-2000000
The Sacred,0,0,0
What Now,0,0,0
Where is Robert Fisher?,0,0,0
Tar Creek,0,0,0
Past the Bleachers,0,0,0
Survive The Hollow Shoals,0,100,-100
The Ceiling,0,100,-100
King of Herrings,0,0,0
One-Eyed Monster,0,0,0
Flakes & Flames,0,0,0
Alonzo Bodden: Who's Paying Attention,0,0,0
Top Secret Rosies: The Female 'Computers' of WWII,0,0,0
Cassidy Way,0,0,0
Songs for Amy,0,0,0
The Tender Hook,0,0,0
Keeping the Promise,0,0,0
Microwave Massacre,0,0,0
The Eve,0,0,0
Texas Cotton,0,0,0
Project-M,0,0,0
February One: The Story of the Greensboro Four,0,0,0
Muggers,0,0,0
InSight,17011,0,17011
Thamizhan,0,0,0
Bipolar,0,0,0
Everybody's Child,0,0,0
The Unborn,0,0,0
Tupac Uncensored and Uncut: The Lost Prison Tapes,0,0,0
Not Angels but Angels,0,0,0
The Phoenix Lights...We Are Not Alone,0,0,0
Eternally Yours,0,0,0
Local Legends,0,0,0
Raabta,0,0,0
"Lord, All Men Can't Be Dogs",0,0,0
13 Eerie,0,0,0
The Over-the-Hill Gang,0,0,0
2: Voodoo Academy,0,0,0
Rideshare,0,0,0
Ditch Day Massacre,0,0,0
We Are Kings,0,0,0
Sam Whiskey,0,0,0
The Missing Link,0,0,0
Crawl or Die,0,0,0
40 West,0,0,0
Devil Times Five,0,0,0
Married and Counting,0,0,0
The Defector: Escape from North Korea,0,0,0
Explosion,0,0,0
Dark House,0,0,0
The Frankenstein Theory,0,0,0
The Wereth Eleven,0,1000000,-1000000
One Fall,0,0,0
Adventures in Odyssey: A Stranger Among Us,0,0,0
Stepfather III,0,0,0
George III: The Genius of the Mad King,0,0,0
Sinners in Paradise,0,0,0
The Aviators,0,0,0
Dave Foley: Relatively Well,0,0,0
The Kaos Brief,0,0,0
Intruder,0,0,0
Beneath the 12-Mile Reef,0,0,0
Heaven Burns,0,0,0
Miami Magma,0,0,0
The Taming of the Shrew,0,0,0
The Sacred City,0,0,0
Death of a Ghost Hunter,0,0,0
Blood Freak,0,0,0
A Talking Cat!?!,0,1000000,-1000000
Copyright Criminals,0,0,0
Dillinger and Capone,0,0,0
Shadow Island Mysteries: Wedding for One,0,0,0
Qwerty,0,0,0
Night Feeders,0,500000,-500000
The Royal Bed,0,0,0
Mambo,0,0,0
Kempe Gowda,0,640,-640
Eternal Salvation,0,0,0
Deewana Mastana,0,0,0
Life on the V: The Story of V66,0,0,0
Wild Cherry,0,3500000,-3500000
Adrenaline,0,0,0
Nick Thune: Folk Hero,0,0,0
Definition of Fear,0,0,0
"Kevin Nealon: Whelmed, But Not Overly",0,0,0
Screamplay,0,0,0
The Odd Way Home,0,0,0
Ahí Viene Martín Corona,0,0,0
Raiders of the Seven Seas,0,0,0
Joey Coco Diaz: Sociably UnAcceptable,0,0,0
Freak Dance,0,0,0
It's Love Again,0,0,0
A Fighting Season,0,0,0
The Gates of Jerusalem: A History of the Holy City,0,0,0
Comeback Dad,0,0,0
Beyond the Door,0,0,0
Yallah! Underground,0,0,0
All Superheroes Must Die,0,0,0
Heaven Sword and Dragon Sabre,0,0,0
"So Young, So Bad",0,0,0
When Billie Beat Bobby,0,0,0
Search and Destroy,389503,4000000,-3610497
Duress,0,0,0
Escape Clause,0,0,0
Ms. Bear,0,0,0
Solitaire for 2,0,0,0
The Cold Equations,0,0,0
Doc West,0,0,0
The Black Tent,0,0,0
One Good Turn,0,0,0
Facebook: Cracking the Code,0,0,0
Like Father Like Son,0,0,0
Flying Wild,0,0,0
The Offering,0,0,0
Seabiscuit: The Lost Documentary,0,0,0
Punk in London,0,0,0
Biriyani,0,0,0
Lightning Bolt,0,0,0
Sons of Matthew,0,0,0
Martin Clunes: Heavy Horsepower,0,0,0
Croc,0,0,0
Playing Away,0,0,0
The Great Chameleon,0,0,0
Lo Sound Desert,0,0,0
The Girl Hunters,0,0,0
Beauty in the Broken,0,0,0
A Perfect Chord,0,0,0
Inner Sanctum,0,0,0
Sunday,28208,0,28208
Breakout,0,0,0
The Contradictions of Fair Hope,0,0,0
Dog Park,0,0,0
2020 Nostradamus,0,1000000,-1000000
Courageous Love,0,0,0
Hookers on Davie,0,0,0
Fire Ants 3D: The Invincible Army,0,0,0
Innocents,0,0,0
Bodysnatch,0,0,0
The Hunted,0,0,0
Living Death,0,0,0
Drift,0,0,0
The Mad,0,0,0
All the Kind Strangers,0,0,0
Bold Eagles,0,3600000,-3600000
After the Spill,0,0,0
1313: Nightmare Mansion,0,1000000,-1000000
Fever,3425664,25000000,-21574336
The Atomic Submarine,0,0,0
Project: Metalbeast,0,0,0
Mazes and Monsters,0,0,0
"Texas, Brooklyn & Heaven",0,0,0
Barkhaa,0,0,0
Bunni,0,2000,-2000
Chilling Visions: 5 Senses of Fear,0,0,0
A Moonless Night,0,0,0
Peanut Gallery,0,0,0
Hard as Nails,0,0,0
The Quiet Hour,0,0,0
The Note II: Taking a Chance on Love,0,0,0
Cinema Six,0,0,0
Vengeance Valley,0,0,0
The Bone Snatcher,0,0,0
Bigfootville,0,0,0
Bayou Blue,0,0,0
Cairo Drive,0,0,0
Rappaccini's Daughter,0,0,0
A Country Christmas,0,0,0
The Anonymous Heroes,0,0,0
1313: Haunted Frat,0,1000000,-1000000
Shadows Run Black,0,0,0
Tornado Valley,0,0,0
48 Angels,0,0,0
The People Across the Lake,0,0,0
I Heard the Owl Call My Name,0,0,0
Suhaag,0,0,0
Cat Ladies,0,0,0
Across the Line: The Exodus of Charlie Wright,0,0,0
Point B,0,0,0
A Gift Horse,0,0,0
The Last Lovecraft: Relic of Cthulhu,0,0,0
All The Man I Need,0,0,0
Hayride 2,0,0,0
The KGB Connections,0,0,0
The Arroyo,0,0,0
Stripped to Kill,0,0,0
Blunt Force Trauma,0,1000000,-1000000
Dawn Rider,0,0,0
Ticket Out,0,0,0
Farm Girl in New York,0,0,0
Such Good People,0,0,0
Red Garters,1300000,0,1300000
The Bray Road Beast,0,15000,-15000
Maladies,0,0,0
Jake Squared,0,0,0
The Man From Utah,0,0,0
Between Two Worlds,0,0,0
Last of the Mississippi Jukes,0,0,0
House Hunting,0,0,0
A Dangerous Idea,0,0,0
23 1/2 Hours Leave,0,0,0
I Was a Teenage Zombie,0,0,0
The Diary of Preston Plummer,0,0,0
The Sky Is Gray,0,0,0
Headgame,0,0,0
America's Parking Lot,0,0,0
A Zombie Invasion,0,0,0
A Haunting on Hamilton Street,0,0,0
Swami,0,0,0
The Possession Experiment,0,0,0
A Dog's Life,0,0,0
The Star Next Door,0,0,0
Don't Shoot the Pharmacist,0,0,0
The Testimony,0,0,0
The Pagan Queen,0,0,0
Dreaming Out Loud,0,0,0
Kettle of Fish,0,0,0
Spilt Milk,0,0,0
The Shadow Returns,0,0,0
First We Take Brooklyn,0,0,0
Cape Karma,0,0,0
National Lampoon's The Legend of Awesomest Maximus,0,0,0
A Christmas Without Snow,0,0,0
Queen Under Review: 1973-1980,0,0,0
Drones,0,0,0
The Giant Gila Monster,0,0,0
Mistress of the Apes,0,0,0
Aleppo. Notatki z ciemnosci,0,0,0
Redeemer,0,0,0
Irene in Time,0,2000000,-2000000
Me and My Mates vs. The Zombie Apocalypse,0,0,0
Adopted,0,0,0
Zombies Anonymous: Last Rites of the Dead,0,0,0
Forgotten Pistolero,0,0,0
What Iva Recorded,0,0,0
The Toxic Avenger Part III: The Last Temptation of Toxie,0,0,0
New World Order: The End Has Come,0,0,0
The Terror of Tiny Town,0,0,0
Road Show,0,0,0
Three Days in August,0,0,0
Tennessee's Partner,0,0,0
Evel Knievel,0,0,0
Daddy's Home,0,0,0
The Perfect You,0,0,0
"A Boy, a Girl and a Dog",0,0,0
The Marines Are Coming,0,0,0
America's Most Haunted,0,0,0
TangerineLAnd,0,0,0
The Lion of Thebes,0,0,0
Ice Twisters,0,0,0
One Night in Istanbul,0,6000000,-6000000
D-Day 360,0,0,0
Stoic,0,2000000,-2000000
Jab Pyaar Kisise Hota Hai,0,0,0
Who Needs Enemies,0,0,0
My Other Mother,0,400000,-400000
Blue Steel,0,0,0
Ek Cup Chya,0,0,0
An Indecent Obsession,0,0,0
Scientology: The Ex-Files,0,0,0
How to Kill a Zombie,0,20,-20
Getting Lucky,0,0,0
Spinning Into Butter,0,0,0
Disposable,0,0,0
Arizona Bound,0,0,0
POPaganda: The Art & and Crimes of Ron English,0,0,0
Space Amoeba,0,0,0
Holy Terror,0,1000000,-1000000
West Virginia,0,0,0
Patient Seventeen,0,0,0
Luther the Geek,0,0,0
Divorce Invitation,0,4500000,-4500000
Act Your Age,0,2500000,-2500000
Amit Sahni Ki List,0,0,0
This Matter of Marriage,0,0,0
Pregnant in America,0,0,0
WWJD: What Would Jesus Do? The Journey Continues,0,0,0
Roaming,0,0,0
Beyond the Spectrum,0,0,0
Mimi and Dona,0,0,0
"Love, Concord",0,0,0
Mandao of the Dead,0,30000,-30000
Blood Is Blood,0,0,0
Tennessee Whiskey: The Dean Dillon Story,0,0,0
The Clairvoyant,0,0,0
13 Demons,0,0,0
Billy Club,0,0,0
Aarti,0,0,0
Descent,57051053,3500000,53551053
CALL TV,0,0,0
Love Come Down,0,0,0
Legend of a Warrior,0,0,0
Warren Miller's Off the Grid,0,800000,-800000
The Ape,0,0,0
Delicious,0,0,0
Street Fighter: Round One - FIGHT!,0,0,0
Trigger Point,0,0,0
Liberty & Slavery,0,0,0
Rakhi,0,0,0
Piranhaconda,0,1000000,-1000000
Law of the Pampas,0,0,0
All Between Us,0,3,-3
Straight,0,0,0
Varan the Unbelievable,0,0,0
The Four Skulls of Jonathan Drake,0,0,0
Angels & Dust,259175788,120000000,139175788
Lady Behave!,0,0,0
Wake Me When the War Is Over,0,0,0
Best of Shaolin Kung Fu,0,0,0
Gorging,0,0,0
Lipsett Diaries,0,0,0
The McMasters,0,0,0
Animal ABCs,0,0,0
Sugar Daddies,0,0,0
The Manster,0,0,0
Jay Mohr: Funny for a Girl,0,0,0
Adventures in Odyssey: In Harm's Way,0,0,0
Having You,0,0,0
Angel of the Skies,0,30000,-30000
Premachi Goshta,0,0,0
The Shadow Effect,0,9000000,-9000000
Lafayette: The Lost Hero,0,0,0
Spirit Trap,0,4500000,-4500000
Deadline,0,0,0
First House on the Hill,0,0,0
Vampyres,0,0,0
The Queen of Hearts,0,0,0
Life After Death from Above 1979,0,0,0
Devil's Playground,0,0,0
Minds in the Water,0,0,0
Jesus in India,0,0,0
Andrew Dice Clay: One Night with Dice,0,0,0
Silk Hope,0,0,0
Family Life,0,0,0
Come Morning,0,46000,-46000
It's So Easy and Other Lies,0,0,0
Untouched,0,100,-100
Romance on the Range,0,0,0
Bollywood Hero,0,0,0
The Treasures of Long Gone John,0,0,0
Mr. Civil Rights: Thurgood Marshall and the NAACP,0,0,0
Nexus,0,1200000,-1200000
All in All Azhagu Raja,0,3800000,-3800000
Betrothed,0,450000,-450000
Open Graves,0,6500000,-6500000
On Hostile Ground,0,0,0
Agnivarsha: The Fire and the Rain,25049,0,25049
One Way Trip,1105114,0,1105114
A Miracle on Christmas Lake,0,0,0
The House That Jack Built,0,0,0
Crime Against Joe,0,0,0
Sharpshooter,0,0,0
Inquilaab,0,0,0
Killer Diller,0,0,0
The Drunk,0,1000000,-1000000
Barge,0,0,0
Message to My Daughter,0,0,0
The Opposite Sex,45000,3300000,-3255000
In the Deep Woods,0,0,0
An Orphan on the Streets,0,0,0
Dope Fiend,0,0,0
The Telephone,0,0,0
Sick,0,50000,-50000
The Ideal Husband,0,2000000,-2000000
Kotigobba 2,5900000,0,5900000
June,0,0,0
Ian Bagg: Conversations,0,0,0
Deathsport,0,0,0
Arizona Summer,0,0,0
Bill and Coo,0,0,0
Prom Ride,0,0,0
Main Aisa Hi Hoon,0,0,0
Wet and Reckless,0,10000,-10000
Gorenos,0,0,0
Return to Treasure Island,0,0,0
Horsehead,0,0,0
The Other Side of the Tracks,0,0,0
The Banker,0,0,0
The Sex Trip,28245,0,28245
Dear Sidewalk,0,0,0
Under Jakob's Ladder,0,0,0
Iqaluit,0,0,0
Riders of the Deadline,0,0,0
Hop-a-long Cassidy,0,0,0
Toxic Skies,0,1000000,-1000000
Elvis: The Memphis Flash,0,0,0
Landing Up,0,0,0
Monster in the Closet,0,0,0
Faith's Song,0,156000,-156000
The Shooter,0,0,0
The Devil's Eight,0,0,0
Electric Daisy Carnival Experience,0,0,0
The Dambusters Raid,0,0,0
If You Don't Stop It...You'll Go Blind!!!,0,0,0
Charlie Chaplin: His Life & Work,0,0,0
One More Kiss,0,500000,-500000
A Change of Place,0,0,0
Loafer,0,0,0
Lukewarm,0,0,0
Altar Egos,0,0,0
Downstream,0,0,0
Rock Fresh,0,0,0
Birdemic: Shock and Terror,0,0,0
River's End,0,1000000,-1000000
Such Great Heights,0,0,0
Kid Brother,0,15000,-15000
My Brother's Shoes,0,0,0
Wait Up Harriet,0,0,0
Sioux City,0,0,0
Down The River,0,0,0
War Pigs,0,0,0
My Mother's Future Husband,0,0,0
Lisa Lampanelli: Back to the Drawing Board,0,0,0
Los condenados,0,0,0
Austin High,0,0,0
Back Page,0,0,0
That Brennan Girl,0,750000,-750000
I Didn't Come Here to Die,0,0,0
A Story of David,0,0,0
Clancy Once Again,0,0,0
Seven Golden Men Strike Again,0,0,0
The Wicked,0,800000,-800000
Keanu Reeves: Journey to Success,0,0,0
Tomb Invader,0,0,0
The Flying Dagger,0,0,0
The Bus,0,0,0
The Gay Bed and Breakfast of Terror,0,0,0
Mercenaries,0,0,0
Social Suicide,0,0,0
My Daddy is in Heaven,0,0,0
Gamera vs. Guiron,0,0,0
The Mark of the Hawk,0,0,0
72 Hours: Martyr Who Never Died,0,0,0
Looking for Lenny,0,0,0
Forest Fairies,0,0,0
The Unwilling,0,0,0
Before Someone Gets Hurt,0,0,0
The Explosive Generation,0,0,0
Kilimanjaro,0,0,0
Jayam,0,0,0
Singing with Angels,0,0,0
Portrait of Alison,0,0,0
Pine Ridge,0,0,0
Jamie Kennedy: Uncomfortable,0,0,0
Attack of the Moon Zombies,0,20000,-20000
Two Dollar Bettor,0,0,0
To the Shores of Iwo Jima,0,0,0
Apache Rifles,0,0,0
Find Your Way: A Busker's Documentary,0,0,0
Revolt at Fort Laramie,0,0,0
Retaliation,0,0,0
Congratulations!,0,0,0
The Secret NASA Transmissions The Smoking Gun,0,0,0
"The Wild, Wild World of Jayne Mansfield",0,0,0
The Conduit,0,0,0
One Love,0,0,0
Murder on the Cape,0,0,0
Wake Up and Die,0,0,0
The Nutcrackers,17177993,90000000,-72822007
Hide and Go Kill 2,0,0,0
The Shadows,0,0,0
Nannbenda,0,0,0
A Bridge Apart,0,0,0
Draw Hard,0,1000,-1000
15 North,0,0,0
Road to the Open,0,0,0
Blinder,0,5,-5
The Last Hit Man,0,0,0
The Kung Fu Instructor,0,0,0
Hopefuls,0,0,0
Colonel Effingham's Raid,0,0,0
Kashmir Ki Kali,0,0,0
Guest in the House,0,0,0
The Beach Boys: Doin' It Again,0,0,0
Whistle Stop,0,0,0
Death of a Child,0,0,0
Game Show Dynamos,0,0,0
Apple of My Eye,0,0,0
Joy Division - Under Review,0,0,0
Professionals for a Massacre,0,0,0
The Godsend,0,0,0
Idaho the Movie 2,0,0,0
The Cutlass,0,0,0
Gold Fever,0,0,0
The Battle of El Alamein,0,0,0
Charlie & Me,119000410,75000000,44000410
The Kims of Comedy,0,60000,-60000
Bells of Rosarita,0,0,0
The Code of Cain,0,2200000,-2200000
Light of Mine,0,0,0
Homestate,0,0,0
The Phantom Express,0,0,0
I Married a Centerfold,0,0,0
Hollywood Man,0,0,0
TRI,1928616,0,1928616
"Between God, The Devil and a Winchester",0,0,0
Little Women Big Cars,0,0,0
Alonzo Bodden: Historically Incorrect,0,0,0
Vegas in Space,0,0,0
The Cyberstalking,0,0,0
Harbour of Hope,0,0,0
Frame 313: The JFK Assassination Theories,0,150000,-150000
Forty Thousand Horsemen,0,0,0
One Body Too Many,0,0,0
The United States of Hoodoo,0,0,0
George: A Zombie Intervention,0,0,0
Home of the Giants,0,0,0
The Promise of Love,0,0,0
Anmol Ghadi,0,0,0
Along Recovery,0,0,0
Allie & Me,0,0,0
Gog,0,250000,-250000
Gulabi,0,0,0
In Old Colorado,0,0,0
Dick Tracy vs. Cueball,0,0,0
Axe to Grind,0,550000,-550000
Secret Mission,0,0,0
Single In South Beach,0,0,0
Her Side of the Bed,0,0,0
Kyle Cease: Weirder. Blacker. Dimpler.,0,0,0
My Life Without Air,0,0,0
A Broken Code,0,0,0
Sunset,0,0,0
Time Zero: The Last Year of Polaroid Film,0,0,0
Joe's War,0,0,0
And Then I Was French,0,0,0
Shark Attack 2,0,0,0
40 Nights,0,0,0
Yesterday's Hero,0,0,0
The Count of Monte Cristo,0,0,0
Hot Summer in Barefoot County,0,0,0
The Rage,0,2000000,-2000000
The Present,0,0,0
Dinosaur Island,0,0,0
Haifa,0,0,0
Rock of Ages: The Rolling Stones,0,0,0
The 18 Bronzemen,0,0,0
The Real Bruce Lee,0,0,0
Necromancy,0,0,0
Pieces of Easter,0,0,0
The Gatling Gun,0,0,0
Arizona Sky,0,0,0
The Wandering Swordsman,0,0,0
Heartbeat,0,0,0
Irumbu Kuthirai,0,0,0
Beckoning the Butcher,0,0,0
The Cat In The Hat Knows A Lot About Halloween!,0,0,0
Ilzaam,0,0,0
Rufus,0,2100000,-2100000
American Roulette,0,0,0
Wiebo's War,0,0,0
Rage and Glory,0,0,0
Lobster Cop,0,0,0
Judgment,0,3000000,-3000000
Comedown,0,0,0
Lock & Key,0,5000,-5000
The Traitorous,0,0,0
Demolition High,0,0,0
In the Turn,0,0,0
The Last Year,0,0,0
Regretting Fish,0,0,0
Family Secrets,0,0,0
Stranger from Shaolin,0,0,0
Under the Boardwalk,147542,0,147542
The Wild Pacific,0,0,0
The Ann Jillian Story,0,0,0
For the Glory,0,0,0
Doomed Caravan,0,0,0
Mundo: From Altar Boy to Hitman,0,0,0
2012: Ice Age,0,0,0
Tracks,0,0,0
Hollows Grove,0,0,0
Adventures in Odyssey: The Last Days of Eugene Meltsner,0,0,0
Tortilla Heaven,0,0,0
Liars All,0,0,0
Anuraag,0,0,0
The Spell,0,0,0
Magic Gift of the Snowman,0,0,0
After Dark,0,100000,-100000
Old 37,0,0,0
Golden Salamander,0,0,0
Bending The Rules,0,0,0
An Affirmative Act,0,0,0
The Princess Castle,0,0,0
Butcher the Bakers,0,15000,-15000
Hell and Mr Fudge,0,800000,-800000
"Henry: Portrait of a Serial Killer, Part 2",0,0,0
Recipe for Disaster,0,0,0
The Cat Burglar,0,0,0
India Pakistan,0,0,0
Betting On The Bride,0,200000,-200000
"Andrew Carnegie: Rags to Riches, Power to Peace",0,0,0
Robert Mitchum: The Reluctant Star,0,500,-500
The Meeksville Ghost,0,0,0
Spirit,0,0,0
Death of a Soldier,0,0,0
The MindFulness Movie,0,0,0
Girls Of The White Orchid,0,0,0
Daughters of Satan,0,0,0
Brother Number One,0,0,0
Jai Hind 2,0,0,0
A Royal Christmas Ball,0,0,0
Star Leaf,0,0,0
Chopin: Desire for Love,3,0,3
Crips: Strapped and Strong,0,0,0
In Search of Doc Holliday,0,50000,-50000
Legends of Santa,0,0,0
Wrenched,0,0,0
The Break-up Artist,0,0,0
A Wife Alone,0,1000000,-1000000
Street of Sinners,0,0,0
Kikoriki. Legend of the Golden Dragon,0,6300000,-6300000
The Great European Disaster Movie,0,630000,-630000
And the Same to You,0,0,0
Messenger on a White Horse,0,0,0
Bad Chicken,0,0,0
"Debra Digiovanni: Single, Awkward, Female",0,0,0
Terminal Voyage,0,0,0
The Disappeared,0,0,0
The Losers,0,0,0
Dangerous Attraction,0,0,0
Lemon Tree Passage,0,0,0
See What I'm Saying: The Deaf Entertainers Documentary,0,0,0
Lucy Moves to NBC,0,0,0
Mud and Sand,0,0,0
The Gang's All Here,0,0,0
Gladiators 7,0,0,0
Wallay,0,0,0
The Great Game,0,0,0
Having It All,0,0,0
Nibiru - Return of the Gods,0,0,0
C.H.O.M.P.S.,0,0,0
Dear Prudence,0,0,0
Always Will,0,0,0
Pirates on Horseback,0,0,0
Kirk Cameron's Connect,0,0,0
Not in My Family,0,0,0
Bob Saget: That's What I'm Talking About,0,0,0
A Generation Apart,0,0,0
Joseph and Mary,0,0,0
Caesar and Otto's Summer Camp Massacre,25488,0,25488
Michael Ian Black: Very Famous,0,0,0
Break a Leg,0,0,0
A Box for Rob,0,0,0
Track of the Moon Beast,0,0,0
Owen Benjamin: Huge Pianist,0,0,0
The Judge,0,0,0
Silence Patton,0,0,0
Blowtorch,0,0,0
She's Not Our Sister,0,0,0
Attack from Space,0,0,0
Aliens & Gufors,0,0,0
My Fair Son,0,0,0
Zoombies,0,0,0
Identity Unknown,0,0,0
Haapus,0,0,0
Fade Away,0,0,0
Canyon Crossroads,0,0,0
Play the Devil,0,0,0
Bloody Pit of Horror,0,0,0
"Good People Go to Hell, Saved People Go to Heaven",0,0,0
The Black Velvet Gown,0,0,0
Lot Lizard,0,0,0
The Punished,0,0,0
Show Yourself,0,35000,-35000
"Faith, Love & Chocolate",0,0,0
Spirit Bear: The Simon Jackson Story,0,0,0
Unthinkable,0,0,0
Undercover Hooligan,0,0,0
Through Naked Eyes,0,0,0
What Matters?,0,0,0
Mafia,0,0,0
Battle of Westerplatte,0,0,0
Brother Sam: A Tribute to Sam Kinison,0,0,0
Main Aur Mr. Riight,0,0,0
Adventures of Gallant Bess,0,0,0
The Majestic Life of Queen Elizabeth II,0,0,0
Independents,0,0,0
2nd Serve,0,0,0
The Joe Louis Story,0,0,0
Cassidy Red,0,0,0
The Corpse Vanishes,0,0,0
Cherry Tree,0,0,0
Wyvern,0,0,0
3 Days,0,0,0
Odd Squad: World Turned Odd,0,32000,-32000
Uranium Drive-In,0,0,0
Children of Winter,0,0,0
The Panther's Claw,0,0,0
Indigo,1190000,500000,690000
Rebound,0,0,0
Futuresport,0,0,0
Red Light Revolution,0,0,0
Queen Crab,0,75000,-75000
A Chorus of Disapproval,0,0,0
The Bakken,0,0,0
Foods That Cure Disease,0,0,0
In the Treetops,0,0,0
Trace,0,0,0
Adventures in Odyssey: A Flight to the Finish,0,0,0
Hope Lost,0,0,0
Alien Invasion: S.U.M.1,0,1000000,-1000000
The Owner,0,0,0
Family Possessions,0,0,0
Before We Say Goodbye,0,0,0
Joy Road,0,0,0
Sandook,0,0,0
Give Us Tomorrow,0,0,0
Mango Tango,0,0,0
The Enemies Within,0,100,-100
My Last Year With The Nuns,0,0,0
Almos' a Man,0,0,0
Amber Lake,0,0,0
Lone Wolves,0,0,0
Sabina K.,0,0,0
Yo,0,0,0
Banjara: The truck driver,0,0,0
That's What She Said,0,0,0
American Autumn: An Occudoc,0,0,0
"Half the Road: The Passion, Pitfalls & Power of Women's Professional Cycling",0,0,0
Partners of the Plains,0,0,0
Auteur,0,0,0
Coming of Age In Cherry Grove: The Invasion,0,0,0
Duel of Champions,0,0,0
Whittle: The Jet Pioneer,0,0,0
Count Basie At Carnegie Hall,0,0,0
Watch If You Dare,0,0,0
I Am Zozo,0,0,0
Mahjong and the West,0,0,0
Love a la Carte,0,0,0
Devil's Trail,0,0,0
Ko 2,0,0,0
Snuff Bottle Connection,0,0,0
"Fear Town, USA",0,0,0
Bunny the Killer Thing,0,0,0
The Hatred,0,0,0
Utopia,0,0,0
Banshee Blacktop,0,0,0
Finding Hope,0,0,0
Artworks,0,0,0
The Incredible Petrified World,0,0,0
The God Question,0,0,0
All Revved Up,0,0,0
The UFO Conspiracy,0,0,0
The Execution,0,0,0
All Girls Weekend,0,1000000,-1000000
The Back of Beyond,0,0,0
Brothers on the Line,0,0,0
Fable of the Fish,0,0,0
Ninja Death,0,0,0
"An American Girl Story: Summer Camp, Friends For Life",0,0,0
The Magical Life of Long Tack Sam,0,0,0
Combat,0,0,0
FLicKeR,0,0,0
Her Aim Is True,0,0,0
Low Life,0,0,0
"Angel, Angel, Down We Go",0,0,0
Moving Target,0,0,0
Club Life,4444,0,4444
Griefwalker,0,0,0
Swing Lowe Sweet Chariote,0,0,0
Men with Beards,0,0,0
5... 6... 7... 8,0,0,0
Ditch Party,0,0,0
The Frank Matthews Story,0,0,0
Retornos,0,0,0
Summer School Teachers,0,0,0
Lowriders vs Zombies from Space,0,0,0
Warrioress,0,0,0
Freeload,0,0,0
Stash House,0,2000000,-2000000
Kung Fu from Beyond the Grave,0,0,0
The Portal,0,3500000,-3500000
Pardon My Pups,0,0,0
First Man Into Space,0,0,0
Bridge to Silence,0,0,0
Saga of Death Valley,0,0,0
White Terror,0,0,0
Mickey,0,0,0
Plan 9,0,0,0
Where We Started,0,0,0
Desert Sands,0,0,0
Life Guidance,0,0,0
Sensation,0,0,0
Living Forever,0,0,0
Silver Dream Racer,0,0,0
Alien Rising,0,0,0
Bruce's Fingers,0,0,0
Alter Egos,0,0,0
The Night Crew,0,3000000,-3000000
Momo: The Sam Giancaca Story,0,0,0
Undeserved,0,0,0
Between Men,0,0,0
A Letter to Dad,0,0,0
The Incantation,0,0,0
The Groom Wore Spurs,0,0,0
Boost,0,0,0
Space Raiders,0,84,-84
Witchcraft,0,0,0
Sister Street Fighter: Hanging by a Thread,0,0,0
Bal Ganesh,0,0,0
Bargain Counter Attack,0,0,0
Everything's Jake,0,0,0
CyberTracker 2,0,0,0
Hanna's Gold,0,0,0
Spirit of the Pony Express,0,0,0
Renegade Trail,0,0,0
The Pink Room,0,0,0
Prison Dogs,0,0,0
Range War,0,0,0
The Roughnecks,0,0,0
Teen Sorcery,0,0,0
Cowboys Don't Cry,0,0,0
The Genius of George Boole,0,0,0
Jane Doe,0,500000,-500000
Battle B-Boy,0,0,0
Ring of Deceit,0,0,0
Close Encounters: Proof of Alien Contact,0,0,0
White Balance,0,0,0
Her Painted Hero,0,0,0
Mr. Wong in Chinatown,0,0,0
Allotment Wives,0,0,0
Barabbas,0,0,0
Swift. Silent. Deep.,0,0,0
Four Rode Out,0,0,0
Taylor Swift: From the Heart,0,0,0
Head Trauma,0,126000,-126000
Painkillers,0,0,0
The Sleeping Cardinal,0,0,0
The Red Maple Leaf,0,0,0
Legend of Loch Lomond,0,0,0
American Exorcist,0,0,0
Feed the Devil,0,0,0
The Swap,0,0,0
Red Line,0,0,0
There's Always Tomorrow,0,0,0
God Where Are You?,0,0,0
Finding Mr. Wright,0,0,0
Scarred City,0,0,0
Wolf Head,0,0,0
Films of Fury: The Kung Fu Movie Movie,0,0,0
Black Joy,0,0,0
Echoes,0,0,0
Massive Retaliation,0,0,0
The Rendezvous,0,0,0
Sole Proprietor,0,0,0
The Pied Piper of Hamelin,0,0,0
Regulus: The First Nuclear Missile Submarines,0,0,0
Okie Noodling,0,0,0
Murder in New Hampshire: The Pamela Wojas Smart Story,0,0,0
Love Meet Hope,0,0,0
The Amazing Zorro,0,2000000,-2000000
Enter the Game of Death,0,0,0
Thy Will Be Done,0,0,0
Apocalyptic,0,0,0
Underground Rendezvous,0,0,0
Assault on El Capitan,0,0,0
Dalya's Other Country,0,0,0
Nothing But the Night,0,0,0
Infliction,0,0,0
Ashes,0,0,0
What Comes Around,0,0,0
Witchery,0,0,0
Palau the Movie,134696,2000000,-1865304
Octopus,0,0,0
Road to Emmaus,0,250000,-250000
Hellmouth,0,0,0
Bachelor Night,0,0,0
The Yearling,0,0,0
Tiger Warsaw,0,0,0
Mentor,0,0,0
The Astral Factor,0,0,0
Food As Medicine,0,0,0
The Killing Pact,0,0,0
There Comes a Time,0,0,0
"Hannah, Queen of the Vampires",0,0,0
Disaster on the Coastliner,0,0,0
Desiree,0,0,0
Surviving Sabu,0,0,0
Amour Infinity: A Brooklyn Love Story,0,0,0
Beast from Haunted Cave,0,0,0
The Fidel Castro Tapes,0,0,0
Blue Highway,0,0,0
Not Black Enough,0,0,0
A Close Call for Boston Blackie,0,0,0
The Devil's Well,0,0,0
Rendezvous with Death,0,0,0
Dark Woods II,0,0,0
Digital Dissidents,0,0,0
Mayor Cupcake,0,0,0
If I Was God,0,0,0
I Am Omega,0,0,0
God Tussi Great Ho,0,0,0
Anarkali,0,0,0
Serial Killer Culture,0,50,-50
Decameron Nights,0,0,0
Martin Clunes: Man to Manta,0,0,0
The Blue Hotel,0,0,0
Beaten,0,0,0
Venomous,0,0,0
Team Hurricane,0,0,0
The Treasure of Jamaica Reef,0,0,0
Decanted,0,0,0
Exposure,0,0,0
Fists of Legends 2: Iron Bodyguards,0,0,0
Confused By Love,0,0,0
It Seemed Like a Good Idea at the Time,0,0,0
Janeane Garofalo: If I May,0,0,0
Free CeCe,0,57000,-57000
Before All Others,0,0,0
The Gun And The Pulpit,0,0,0
Amazed By You,0,0,0
Sugar Sisters,0,0,0
Jose Canseco: The Truth Hurts,0,0,0
Bartleby,0,0,0
Madron,0,0,0
American Empire,0,0,0
Munchie,0,0,0
The World's First Time Machine,0,0,0
Triassic World,0,0,0
Huckleberry Finn,0,0,0
The Newcomers,0,0,0
Jungleground,0,0,0
The Secret Identity of Jack the Ripper,0,0,0
Lyfe's Journey,0,0,0
Man With Two Lives,0,0,0
Loophole,0,0,0
Loving the Bad Man,0,560000,-560000
The Sleeping Room,0,0,0
Valley Inn,0,200000,-200000
Happily N'Ever After 2,0,0,0
The Secret Handshake,0,0,0
FCA!35 Tour: An Evening with Peter Frampton,0,0,0
Galapagos Realm Of Giant Sharks,0,0,0
Lost for Words,0,0,0
Roland Klick: The Heart Is a Hungry Hunter,0,0,0
The World Gone Mad,0,0,0
Vasermil,0,0,0
Campus Rhythm,0,0,0
Running Forever,0,5000000,-5000000
David and Goliath,0,0,0
The Great American West,0,0,0
The Crescent Moon Clown,0,0,0
Breaking Loose,0,0,0
Uphaar,0,0,0
West of the Divide,0,0,0
Letters from Three Lovers,0,0,0
God's Gun,0,0,0
Heterosexuals,0,0,0
Love Triangle,0,1300000,-1300000
Airborne,0,0,0
Death Force,0,0,0
Virgin Witch,0,0,0
Bornless Ones,0,0,0
Anabolic Life,0,0,0
Doomed to Die,0,0,0
Trauma,0,0,0
Death Duel of Kung Fu,0,0,0
The Witches Hammer,0,0,0
Heidi Fleiss: The Would-be Madam of Crystal,0,0,0
Cosh Boy,0,0,0
Sal,0,0,0
Housequake,0,0,0
Vaah! Life Ho Toh Aisi!,0,0,0
Mother Earth,0,0,0
An Empty Bed,0,0,0
The Fearmakers,0,0,0
Ma saison super 8,0,0,0
Sheltered,0,0,0
Troy the Odyssey,0,0,0
A Demon for Trouble,0,0,0
Pearl Harbor: Into The Arizona,0,0,0
E19 Virus,0,0,0
The Gun Runners,0,0,0
Phase IV,0,0,0
Six Gun Savior,0,2500000,-2500000
Trumping Democracy,0,0,0
The Fake,0,0,0
Come Down Molly,0,0,0
Skeem,0,1200000,-1200000
Broadway Limited,0,0,0
Hell's Angels '69,0,0,0
An American Terror,0,200000,-200000
Bone Dry,0,5000000,-5000000
The Mountain Runners,0,0,0
Assignment Berlin,0,0,0
Erik the Conqueror,0,0,0
Sherlock Holmes and the Deadly Necklace,0,0,0
Theresa Is a Mother,0,0,0
On Valentine's Day,0,0,0
"No Panic, With a Hint of Hysteria",0,1500000,-1500000
Spartacus and the Ten Gladiators,0,0,0
Fatal Crossing,0,0,0
Radar Men from the Moon,0,0,0
Exterminators of the Year 3000,606694,0,606694
She Knows Y'Know,0,0,0
Angela's Decision,0,0,0
Princess and the Pony,0,17000,-17000
Vaisakhi List,0,0,0
See Girl Run,0,0,0
Wild Guitar,0,0,0
Raising Resistance,0,0,0
UFOs: The Secret History,0,0,0
Sugar Blues,0,0,0
Murder with Pictures,0,0,0
Stormswept,0,0,0
Kept Boy,0,0,0
The Serbian Lawyer,0,0,0
Danny Boy,0,0,0
HR Giger Revealed,0,0,0
Hard Times at Douglass High: A No Child Left Behind Report Card,0,0,0
Attack of the Puppet People,0,0,0
Call for Help,0,0,0
Tunnel Rats,0,8000000,-8000000
Hitler of the Andes,0,0,0
A Nocturne: Night Of The Vampire,0,0,0
Once Fallen,0,0,0
Young Yakuza,0,0,0
Rock Rock Rock!,0,0,0
The Last Great Ride,0,0,0
The Scarlet Worm,0,25000,-25000
Soldier's Home,0,0,0
Einstein's Universe,0,0,0
Stray,0,0,0
Snowbound,0,0,0
The Silent Storm,0,0,0
Adventures in Odyssey: Electric Christmas,0,0,0
A Bullet for Pretty Boy,0,0,0
Robert Williams Mr. Bitchin',0,0,0
Howling III,0,0,0
The Caterpillar Wish,0,0,0
Invisible Invaders,0,0,0
The Amityville Curse,0,0,0
Forced March,0,0,0
Asian Stories,0,0,0
Magnum Opus,0,0,0
Lies and Crimes,0,0,0
Dirty War,0,0,0
Dangerous Remedy,0,0,0
Apache Rose,0,0,0
Razorblade City,0,0,0
Doonby,0,0,0
Polar Storm,0,0,0
Nat Turner: A Troublesome Property,0,0,0
Happy Hell Night,0,0,0
The World's Oldest Living Bridesmaid,0,0,0
ZZ Top: Live at Montreux 2013,0,0,0
Dead Souls,0,0,0
The DMV Truth,0,0,0
Apocalypse Later: Harold Camping vs The End of the World,0,0,0
Dracula in Love,0,0,0
The Emperor and His Brother,0,0,0
To Save the Children,0,0,0
The Rendering,0,0,0
Meet Mr. Callaghan,0,0,0
Russian Roulette,0,1250000,-1250000
Arc,0,650000,-650000
I Am Gangster,0,0,0
If I Could Tell You,0,50000,-50000
Psychic Killer,0,0,0
Wild Wind,0,0,0
The Monkey's Paw,0,0,0
Pastor Jones 2: Lord Guide My 16 Year Old Daughter,0,0,0
Lizzie,0,0,0
Good Tidings,0,0,0
Dream Tower,0,0,0
Great Great Great,0,0,0
Shadow Boxers,0,0,0
The Gatehouse,0,0,0
CSNY: Fifty by Four,0,0,0
Castle in the Air,0,0,0
The Reality of Truth,0,0,0
The Oyler House: Richard Neutra's Desert Retreat,0,0,0
Mercy or Murder?,0,0,0
Off Jackson Avenue,0,0,0
The Delightful Forest,0,0,0
Man in the Attic,0,0,0
Mushrooms,0,0,0
Reflections of the Past,0,0,0
Guardian,0,0,0
Hit the Saddle,0,0,0
Let's Kill Grandpa,0,0,0
High/Low,0,0,0
Bela Lugosi Meets a Brooklyn Gorilla,0,0,0
Say My Name,0,0,0
The Attendant,0,0,0
A Dance for Bethany,0,0,0
In the Wake of the Bounty,0,0,0
Million Dollar Kid,0,0,0
The Breakup Girl,0,0,0
Such is Life,0,0,0
Idaho,0,0,0
The Taking,0,13000,-13000
The Happiest Place on Earth,0,15000,-15000
Kaashmora,0,8900000,-8900000
Rise of the Zombies,0,0,0
Dawn on the Great Divide,0,0,0
Rotor DR1,0,350000,-350000
Queen Pin,0,0,0
Love by Design,0,0,0
In Old Santa Fe,0,0,0
Doctors of the Dark Side,0,0,0
Another Man's Garden,0,0,0
Djinn,0,0,0
The Last Shark,0,0,0
The Iron Monkey,0,0,0
The Two Plates,0,0,0
Carnival Rock,0,0,0
The Mystery of Mr. Wong,0,0,0
The 7th Dimension,0,0,0
Smile,0,0,0
The Horse Dancer,0,0,0
Bill Monroe: Father of Bluegrass Music,0,0,0
Blonde Ice,0,0,0
Operation Diplomat,0,0,0
She Sings to the Stars,0,0,0
Job,0,0,0
Repatriation,0,0,0
Finding Kim,0,0,0
Circle of Two,0,0,0
3 Wicked Witches,0,1000000,-1000000
Secret Mysteries of America's Beginnings Volume 2: Riddles in Stone - The Secret Architecture of Washington D.C.,0,15000,-15000
Circus Kid,0,0,0
Home Town Story,0,0,0
Surviving Skokie,0,0,0
Scalpel,0,0,0
Götz von Berlichingen,0,0,0
The Christmas Switch,0,0,0
Packing for Mars,0,0,0
Fear Stalk,0,0,0
16 Stones,0,0,0
Reclusion,0,0,0
Plague,0,200000,-200000
Maria's Story,0,0,0
No Place to Hide: The Rehtaeh Parsons Story,0,0,0
Saturday Morning,0,0,0
Lucid,0,10,-10
A Merry Mirthworm Christmas,0,0,0
Combat America,0,0,0
Growing Up and Other Lies,0,0,0
Misconceptions,0,0,0
Cry in the Wild: The Taking of Peggy Ann,0,0,0
Bank Alarm,0,0,0
Where the Boys Are '84,10530000,0,10530000
Women on Death Row,0,0,0
Francis of Brooklyn,0,120000,-120000
"Sing, Sinner, Sing",0,0,0
Adventures in Odyssey: Shadow of a Doubt,0,0,0
Eat Me!,0,0,0
Odd Is an Egg,0,400000,-400000
A People Without A Land,0,0,0
Cast Alaska,0,0,0
Jeremy Fink and the Meaning of Life,0,0,0
The Blood Drinkers,0,0,0
T.N.T.,0,0,0
Sitting on the Moon,0,0,0
"Parole, Inc.",0,0,0
The Deflowering of Eva van End,0,0,0
Street People,0,0,0
Mayan Renaissance,0,0,0
Deadly Duo,0,0,0
My Mom's a Werewolf,0,0,0
Ruby's Studio: the Feelings Show,0,0,0
Jurassic School,0,0,0
Outpost in Morocco,0,0,0
War Flowers,0,0,0
How Awful About Allan,0,0,0
The Penthouse,0,3000000,-3000000
B.O.R.N.,0,0,0
Prisoners of the Sun,0,18000000,-18000000
A Parisian Romance,0,0,0
T-Bird Gang,0,0,0
From the Kill Pen,0,0,0
Rawhide,0,0,0
Mr. Robinson Crusoe,0,0,0
The Hitchhikers,0,0,0
Assassins Tale,0,1500000,-1500000
Mantera,0,0,0
How to Kill a Judge,0,0,0
Fearless Frank,0,0,0
Hide in the Light,0,0,0
Happy Slapping,0,0,0
Huk!,0,0,0
The Doll Squad,0,0,0
Believe,0,0,0
Eden's Curve,0,0,0
Television Under The Swastika,0,0,0
Solar Attack,0,0,0
A Time for Heaven,0,0,0
Love & Sex in Japan,4439431,0,4439431
Deewana Mujh Sa Nahin,0,0,0
Black Plague,0,0,0
Starve,0,0,0
Babygirl,0,0,0
A Union in Wait,0,0,0
Island Earth,0,0,0
Hoboken Hollow,0,1100000,-1100000
Falling Uphill,0,0,0
Freshwater,0,1500000,-1500000
Forgotten Ellis Island,0,0,0
Up Against Amanda,0,0,0
The Spike Jones Story,0,0,0
Oklahoma Crude,0,0,0
The Borrowers,0,0,0
Harland Williams: A Force of Nature,0,0,0
Sorceress,0,0,0
Special Agent Kids,0,0,0
With God On Our Side,0,0,0
The Dempsey Sisters,0,0,0
A Hitman in London,0,20000000,-20000000
Lady Frankenstein,139683000,200000,139483000
Being Black Enough,0,23000,-23000
The Winds of Kitty Hawk,0,0,0
Breaking: Los Angeles,0,0,0
Blood Trap,0,0,0
Roulette,0,0,0
Models Inc.,0,0,0
Gauguin: The Full Story,0,0,0
Rowdy Fellow,0,0,0
Silver Case,0,0,0
Spirit Riders,0,0,0
Grand Canyon Trail,0,0,0
The Dark Diamond,0,0,0
The Terror Within,858591,0,858591
Remember Me,0,0,0
Legend of the American Sniper,0,0,0
End of Innocence,0,2000000,-2000000
The Gorilla,0,0,0
Overtime,0,0,0
The Novice,0,0,0
The Greed of Men,0,0,0
All You Can Eat Buddha,0,0,0
All the Others Were Practice,0,0,0
"Je T'aime, I Love You Terminal",0,0,0
Jeevan Mrityu,0,0,0
Random Encounters,0,0,0
Five Golden Dragons,0,0,0
The Mystery Beneath,0,0,0
Adam Newman: Fuzzies,0,0,0
Chu and Blossom,0,0,0
Hell's House,0,0,0
Alone in the Woods,0,0,0
Teen Bahuraniyan,0,0,0
Soccer City,0,0,0
Cradle,0,0,0
Starflight: The Plane That Couldn't Land,0,0,0
The Legend of Lucy Keyes,0,0,0
The Circuit 2: The Final Punch,0,0,0
The Ferryman,0,0,0
Bob's New Suit,0,1000000,-1000000
Anthology of Terror: Prelude,0,0,0
Winterset,0,0,0
Ghar,0,0,0
Neath Brooklyn Bridge,0,0,0
I Cover the Waterfront,0,0,0
I Kissed a Vampire,0,0,0
Deceived,0,0,0
Kabala,0,0,0
Chor Machaye Shor,0,0,0
Dust Up,0,0,0
Friends Don't Let Friends,0,0,0
Run for Love,0,0,0
Stealing Sinatra,10,10000000,-9999990
Coast of Skeletons,0,0,0
Casanova Variations,0,0,0
The Premonition,0,0,0
Boss 2,550,0,550
24 Hours in London,0,0,0
The Uncanny,0,0,0
Brasslands,0,0,0
House of Horrors: Gates of Hell,0,0,0
Sieben Mulden und eine Leiche,0,0,0
Boudicca: Warrior Queen of Ancient Britain,0,0,0
Twenty Twenty-Four,0,0,0
Story of a Junkie,0,0,0
Getting Married in Buffalo Jump,0,0,0
The House of Seven Corpses,0,0,0
A Beautiful Belly,0,0,0
Carnivore: Werewolf of London,0,0,0
Eagle's Wing,0,0,0
Burnout,0,0,0
Nature Unleashed: Fire,0,0,0
Motown Mafia: The Story of Eddie Jackson and Courtney Brown,0,0,0
The Legend of Tillamook's Gold,0,0,0
The Savage Five,0,0,0
Cafe Society,0,0,0
Shopping for Fangs,0,0,0
Weaverfish,0,0,0
The Fields,0,0,0
Halloween Horror Tales,0,0,0
The Frontiersmen,0,0,0
Blood and Lace,0,0,0
Beyond Atlantis,0,0,0
Mr. Blue Sky,0,0,0
California Winter,0,0,0
In the Garden of Sounds,0,0,0
Runaway Heart,0,0,0
Bigfoot's Wild Weekend,0,0,0
Keith Robinson: Back of the Bus Funny,0,0,0
Kansas Pacific,0,0,0
Hired to Kill,0,0,0
Guantanamero,0,0,0
Dressed as a Girl,0,0,0
Murder on the Campus,0,0,0
Loaded Pistols,0,0,0
The Pier,0,0,0
The Nesting,0,0,0
Free of Eden,0,0,0
Future Kick,0,0,0
Suicide Squad,0,0,0
Aetbaar,0,0,0
Cartas a Elena,0,0,0
Vacationland,0,0,0
House of Bones,0,0,0
The Legend of Sarila,901596,0,901596
The Beckoning,0,1700000,-1700000
Tooken,0,0,0
The Goal,0,0,0
Ghostumentary,0,100000,-100000
Ambush Bay,0,0,0
Maestro,0,0,0
Tag,0,4000000,-4000000
One Thrilling Night,0,0,0
The Crimes Of Stephen Hawke,0,0,0
Howling VI: The Freaks,0,0,0
Beyond Words,0,0,0
Double Headed Eagle: Hitler's Rise to Power 1918-1933,0,0,0
2012: Science or Superstition,0,0,0
Asockalypse,0,0,0
Ode to Gallantry,0,0,0
Operator,0,0,0
Chrome Angels,0,2500000,-2500000
Bad To The Jones,0,0,0
Ellie,0,0,0
James Dean,0,0,0
Warhead,0,0,0
Senior Project,0,0,0
Fall in Love Like a Star,0,0,0
Adventures in Odyssey: A Fine Feathered Frenzy,0,0,0
Stony Island,0,0,0
The Forgotten Village,0,0,0
"Chloe, Love Is Calling You",0,0,0
Julius Caesar,0,0,0
Sebastián,0,0,0
Phantom Rancher,0,0,0
Port of New York,0,0,0
The Missing Corpse,0,0,0
Showdown at Williams Creek,0,0,0
80 Waves,0,0,0
Betrayal,0,0,0
2 Dead 2 Kill,0,0,0
Don't Get Caught,0,0,0
Safe Inside,0,14000,-14000
Clockwork Mice,0,0,0
Ghost Mother,0,0,0
Dangerous Passage,0,0,0
Big in Bollywood,0,0,0
Class of Nuke 'Em High 2: Subhumanoid Meltdown,0,0,0
Billy Gardell: Halftime,60,0,60
Planet FIFA,0,0,0
The Naked Country,0,0,0
The Laughing Mask,0,0,0
Abby Singer/Songwriter,0,0,0
Recipe for Revenge,0,0,0
Young Rebels,0,0,0
Storm Rider: Clash of the Evils,0,0,0
Cinemanovels,0,0,0
La calle de los pianistas,0,0,0
What Happened Last Night,0,800,-800
Werewolves on Wheels,0,0,0
Dark Iris,0,0,0
No Trace,0,0,0
Amigo Undead,0,0,0
The Evictors,0,0,0
Scream Bloody Murder,0,0,0
The Prophet's Son,0,0,0
The Redemption of the Heart,0,0,0
Fifteen Scaffolds for the Killer,0,0,0
Deadly Nightshade,0,0,0
"The Dragon, the Hero",0,0,0
"He Say, She Say, But What Does God Say?",0,0,0
The Pantry Ghost Documentary,0,0,0
Conjurer,0,0,0
The Woodsman,0,0,0
Night Train,0,0,0
Hamlet,0,0,0
Baffled!,0,0,0
Austin City Limits Celebrates 40 Years,0,0,0
The Ballad of Andy Crocker,0,0,0
The Dead Matter,0,2000000,-2000000
Kapyong,0,0,0
All-American Murder,0,0,0
Smash-Up on Interstate 5,0,0,0
With the Marines at Tarawa,0,0,0
How Sweet It Is,0,1800000,-1800000
Soul of the Sword,0,0,0
"Soul on Ice: Past, Present and Future",0,0,0
Dreadtime Stories,0,0,0
Hollywood Musical!,0,0,0
The Nail,0,0,0
Boogaloo Shrimp Documentary,0,0,0
Sightings,0,0,0
Special Ops,0,0,0
Artois the Goat,0,50000,-50000
Dancer,0,0,0
The Master Touch,0,0,0
Heart of Wilderness,0,0,0
Secrets In The Snow,0,100000,-100000
Jack White: Kneeling At The Anthem D.C.,0,0,0
Interludes,0,100000,-100000
Bermuda Tentacles,0,0,0
Channels,0,0,0
Gang Bullets,0,0,0
Hollywood and Vine,0,0,0
Infection: The Invasion Begins,0,0,0
Raiders of Old California,0,0,0
The Contest,0,0,0
Sleepstalker,0,0,0
I Used to Love Her,0,0,0
Child of Satan,0,1500000,-1500000
Barracuda,0,0,0
Ticker,0,7000000,-7000000
"Live Once, Die Twice",0,0,0
976-Evil II,0,0,0
Coronado,0,4700000,-4700000
Psychomanteum,0,0,0
The Proud and Damned,0,0,0
Michael Jackson Unmasked,0,0,0
My Time Will Come,0,0,0
Darkest Day,0,0,0
The Unwonted Sasquatch,0,0,0
Fossil,0,0,0
There's No Place Like Utopia,0,0,0
We Think the World of You,0,0,0
Locked Up: A Mother’s Rage,0,0,0
Remembering Phil,0,0,0
The Secret Kingdom,0,0,0
Altered by Elvis,0,0,0
Timber Queen,0,0,0
Crossing Bridges,0,0,0
Kung Fu Kids Break Away,0,0,0
Stem Cell Revolutions,0,0,0
Ab Tak Chhappan 2,0,0,0
The Enchanted Cottage,0,20000,-20000
Abigail Harm,0,0,0
Record City,0,0,0
Wings of the Wind,0,0,0
Atrocity,0,0,0
Death Duel of the Mantis,0,0,0
Take Back Your Power,0,200000,-200000
Attack in LA,0,0,0
A Luv Tale,0,0,0
Crossfire,0,0,0
The Insurgents,0,200000,-200000
To All My Friends On Shore,0,0,0
Appetites,0,0,0
Out of Luck,0,0,0
A Dangerous Summer,0,0,0
Girl in Woods,0,0,0
Dark Obsession,0,0,0
Desert Victory,0,0,0
South of Santa Fe,0,0,0
The Last Light: An Irish Ghost Story,0,0,0
Where Truth Lies,0,0,0
Go Go G-Boys,0,0,0
Squadron of Doom,0,0,0
Big News,0,0,0
Three Stars,0,0,0
Four,149878437,50000000,99878437
Asamapta,0,0,0
Dana Gould: I Know It's Wrong,0,0,0
Big Town After Dark,0,0,0
"Here, There & Everywhere",0,0,0
The Pretty Boys,0,0,0
Isi Life Mein,0,0,0
Fort Yuma,0,0,0
Mr. Wise Guy,0,0,0
Joe Torre: Curveballs Along The Way,0,0,0
Needlestick,0,0,0
Behind Office Doors,0,0,0
Phantom Killer,0,0,0
Arrest Bulldog Drummond,0,0,0
Fly on the Wall,0,0,0
A Taste of Phobia,0,0,0
100 Ghost Street: The Return of Richard Speck,0,150,-150
Hong Kong Confidential,0,0,0
Hot Rod Gang,0,0,0
A Study in Scarlet,0,0,0
This Is a Hijack,0,0,0
The Cat in the Hat Knows a Lot About Camping!,0,0,0
Jerzy Popieluszko: Messenger of the Truth,0,0,0
The Killers Edge,0,0,0
Elf on the Run,10205,0,10205
666: Devilish Charm,0,1000000,-1000000
Sitting Next to Zoe,0,0,0
Jagriti,0,0,0
William the Conqueror,0,0,0
Under Nevada Skies,0,0,0
Song of the Gringo,0,0,0
Wraith,0,0,0
Where's The Love?,0,0,0
City Without Men,0,0,0
Chasing Wild Horses,0,0,0
"Mom, Murder & Me",0,0,0
Captain Johnno,0,0,0
Rumors of Wars,0,1000000,-1000000
Anaganaga Oka Roju,0,0,0
The Town That Came A-Courtin',0,0,0
Blood of Beasts,0,0,0
Ingrid Bergman Remembered,0,0,0
Nature Cat: Ocean Commotion,0,0,0
Magick of Solomon: Lemegeton Secrets Revealed,0,0,0
Rainbow Valley,0,0,0
Noxious,0,0,0
Bigfoot,0,40000,-40000
Steep & Deep,0,0,0
Let's Rap,0,0,0
The Dramatics: A Comedy,0,0,0
Dialtone,0,0,0
The Devout,0,0,0
Mexico,0,0,0
Two Wrongs,0,0,0
The Minion,0,0,0
Warren,0,0,0
Frank the Bastard,0,0,0
Rise of the Black Pharaohs,0,0,0
Guilty of Treason,0,0,0
Battle of the Somme: The True Story,0,0,0
Satya 2,0,2200000,-2200000
Clockmaker,0,0,0
No Room To Die,0,0,0
Delusions of Guinevere,0,0,0
Vipers,0,9000000,-9000000
The A-List,0,0,0
The Attic,0,700000,-700000
Back to Back,0,0,0
Voyage Into Space,0,0,0
The Soilers,0,0,0
Eenie Meenie Miney Moe,0,0,0
The Swimsuit Issue,0,0,0
Hellcat's Revenge,0,50000,-50000
Air Marshall,0,0,0
On the Streets of L.A.,0,0,0
Death of a Prophet,0,0,0
Redball,0,0,0
Christmas Icetastrophe,0,0,0
Two Undercover Angels,0,0,0
Mooch Goes to Hollywood,0,0,0
Hell Town,0,0,0
Freaky Farley,0,14000,-14000
Vampire Dog,0,0,0
Twelfth Night,0,0,0
Huck and the King of Hearts,0,0,0
Ragada,0,0,0
Bulldog Drummond's Bride,0,0,0
Christmas Town,0,0,0
Boom Varietal,0,0,0
Against a Crooked Sky,0,0,0
The Fourth World,0,0,0
Monkey Kung Fu,0,0,0
Foxfur,0,0,0
Saleslady,0,0,0
Teenage Ghost Punk,0,0,0
The Umbrella Man,0,0,0
Constantine and the Cross,0,0,0
My Brother the Pig,0,0,0
Aap Ki Khatir,0,0,0
Return of the Kung Fu Dragon,0,0,0
The Kidnapping of the President,0,0,0
Endings,0,0,0
Iggy & the Stooges: Live in Detroit,0,0,0
A Lobster Tale,0,0,0
Red Is the Color of,0,0,0
The Caretakers,0,0,0
Last Day of School,0,0,0
Four Blood Moons,0,0,0
Streamline Express,0,0,0
The Girl from Chicago,0,0,0
Bob Marley - Freedom Road,0,0,0
Manos: The Hands of Fate,0,19000,-19000
Cities of Light: The Rise and Fall of Islamic Spain,0,0,0
JFK's Women: The Scandals Revealed,0,0,0
Mitchell,0,0,0
Mega Snake,0,0,0
2-Headed Shark Attack,0,0,0
Hard Breed to Kill,0,0,0
The Dawn Rider,0,0,0
Charlie Kay Chakkar Mein,0,0,0
Shattered Sky,0,0,0
Lady in the Death House,0,0,0
Sweetiee Weds NRI,0,0,0
Nightwish,0,0,0
The Next Day,0,0,0
Bleeding Hearts,0,0,0
Chinese Boxes,0,0,0
Rabhasa,0,0,0
Seeds of Destiny,200000000,0,200000000
Father Rupert Mayer,0,0,0
Write & Wrong,0,0,0
Dennis Miller: All In,0,0,0
Tar Pit,0,0,0
Hum Pyar Tumhi Se Kar Baithe,0,0,0
Ghost Messenger,0,0,0
The Triumph of Sherlock Holmes,0,0,0
The Fighter,0,0,0
The Dark Stranger,0,0,0
Rock 'n' Roll Revue,0,0,0
Two Weeks to Live,0,0,0
Inside Lego at Christmas,0,0,0
Spawn of the Slithis,0,0,0
Joseph and His Brethren,0,0,0
Tentacle 8,0,0,0
Sons of the City,0,0,0
Ghost-Town Gold,0,0,0
Neckan,5078,0,5078
Phamous,0,0,0
Hush Money,0,0,0
Sankashta Kara Ganapathi,0,0,0
The Bermuda Triangle,0,0,0
East of Borneo,0,0,0
A Fancy Piece of Homicide,0,0,0
Sawan Ko Aane Do,0,0,0
TAD: Busted Circuits and Ringing Ears,0,0,0
The Castilian,0,0,0
Too Scared to Scream,0,0,0
Elton John: To Russia... with Elton,0,0,0
Yellow Yellow Yellow: The Indycar Safety Team,0,30000,-30000
Western Mail,0,0,0
Handphone,0,0,0
She Gods of Shark Reef,0,0,0
Dancing Pirate,0,0,0
Dragons of Camelot,0,0,0
Shirdi Sai,0,0,0
Satan's School for Girls,0,0,0
Ten Tigers of Shaolin,0,0,0
Howling V: The Rebirth,0,0,0
Iron Bodyguard,0,0,0
Jack Frost 2: Revenge of the Mutant Killer Snowman,0,0,0
Feels So Good,0,0,0
Daivathinte Swantham Cleetus,0,0,0
I Love Your Moves,0,5300000,-5300000
Room 514,0,0,0
The Impossible Kid,0,0,0
The Rake,0,0,0
Space Trucker Bruce,0,0,0
Secret Lives,0,0,0
Hope Dances,0,0,0
The Fatal Hour,0,0,0
Mountaintop Motel Massacre,0,0,0
The Stranger Who Looks Like Me,0,0,0
Richard Lewis: The Magical Misery Tour,0,0,0
Groove,0,15000000,-15000000
The Chronology Protection Case,0,0,0
Gaturro,0,0,0
B-17 Flying Legend,0,0,0
The Machine That Made Us,0,0,0
Gang Girl,0,0,0
Candle in the Dark: The Story of William Carey,0,0,0
An Old Man's Gold,0,0,0
Confined,0,0,0
Mere Baap Pehle Aap,0,0,0
Rouge of the North,0,0,0
The Secret World of Lewis Carroll,0,0,0
Two Steps from Hope,0,0,0
"Django, The Last Killer",0,0,0
Sunshine Barry & the Disco Worms,0,0,0
Cute Little Buggers,0,0,0
Luckytown,0,0,0
The Father's Love,0,0,0
Beyond Fear,0,0,0
Hollywood Vice Squad,0,0,0
Passion's Web,0,0,0
The 9 Ball Diaries,0,0,0
"Rihanna: Good Girl, Bad Girl",0,0,0
Nightmare,75634409,18000000,57634409
Jurassic Women,0,0,0
Miracle at Sage Creek,0,0,0
Losing Detroit,0,0,0
The Track,0,0,0
Charlie's Ghost Story,0,0,0
Splatter University,0,0,0
Callie & Son,0,0,0
The Puck Hogs,0,0,0
RWD,0,0,0
Knifepoint,0,0,0
Glory Glory,0,0,0
Fire Twister,0,0,0
Aaj Ki Awaz,0,0,0
Snowbeast,0,0,0
Porsche: Decades of Disruption,0,300000,-300000
Beautiful Loser,0,0,0
Frontier Outlaws,0,0,0
The Far Frontier,0,0,0
Maul Dogs,0,0,0
Sensitivity Training,0,0,0
Kehinde Wiley: An Economy of Grace,0,0,0
Five Thirteen,0,650000,-650000
5 Headed Shark Attack,0,0,0
Kentucky Rifle,0,0,0
Steve Byrne: Champion,0,0,0
Super Detention,0,0,0
Cuban Missile Crisis: Three Men Go to War,0,0,0
The Distant Drummer: Flowers of Darkness,0,0,0
Damaged Lives,1800000,10000,1790000
Park Evil,0,0,0
Death by Design,0,0,0
Clowntergeist,0,0,0
The Borrowed Christmas,0,0,0
Suicide Club,0,0,0
Heterosexual Jill,0,0,0
The Wedding Chapel,0,0,0
Team Everest: A Himalayan Journey,0,0,0
The Red Fury,0,0,0
Virtual Combat,0,0,0
Room 33,0,0,0
Stunt Squad,0,0,0
Love Breakups Zindagi,0,0,0
The Wrath of Cain,0,0,0
Journey to the Seventh Planet,0,0,0
Rockin' Road Trip,0,0,0
Slasher.com,0,0,0
Sarivar Sari,0,0,0
Safari,0,0,0
Monochrome,0,0,0
Within,66456,0,66456
Tuareg: Desert Warrior,0,0,0
Phoenix,0,0,0
Britney Spears Workin' It,0,0,0
Nerdcore For Life,0,12,-12
The Thundering Herd,0,0,0
The Monster of Phantom Lake,0,3500,-3500
The Four Shaolin Challengers,0,0,0
666: The Child,0,0,0
Fast and Furriest,0,0,0
Kickboxer,0,0,0
All Over Town,0,0,0
True Crime: Safe House,0,0,0
Frankenstein Meets the Space Monster,0,60000,-60000
Haunting of Cellblock 11,0,0,0
Fisherman's Wharf,0,0,0
The Strawberry Shortcake Movie: Sky's the Limit,0,0,0
The Heavy,0,4500000,-4500000
Crime Boss,0,0,0
DragonBlade: The Legend of Lang,0,10000000,-10000000
Consignment,0,0,0
"The Night, the Prowler",0,0,0
The Bunnyman Massacre,0,0,0
Scarlett,0,0,0
They Died with Their Boots On,0,0,0
Hello Carter,0,0,0
Killing Oswald,0,0,0
Python,0,0,0
Monster Madness: The Golden Age of the Horror Film,0,0,0
Willard: The Hermit of Gully Lake,0,0,0
24 Hours,0,700,-700
Lonely Wives,0,0,0
Way Past Cool,0,0,0
Two Minutes to Play,0,0,0
Deadly Whispers,0,0,0
The Last Stand,459359555,210000000,249359555
The Savior,0,0,0
Far Cry,743,30000000,-29999257
Evil Brain from Outer Space,0,0,0
Survive,0,0,0
Ucha Dar Babe Nanak Da,0,0,0
Bank Attack,0,0,0
Super Task Force One,0,0,0
In Old Cheyenne,0,0,0
El Camino,0,0,0
See This Movie,0,0,0
West Hollywood Motel,0,0,0
The Return of Rin Tin Tin,0,0,0
The Private Life of Deer,0,0,0
Vinylmania: When Life Runs at 33 Revolutions Per Minute,0,33000,-33000
Ginger in the Morning,0,0,0
Inside Metal: The Pioneers of L.A. Hard Rock and Metal,0,0,0
Mobilize,0,0,0
Lost in the Dark,0,0,0
Die and Let Live,0,0,0
The Voyage Beyond,0,0,0
Heart of the Golden West,0,0,0
Gibsonburg,0,0,0
"Go-Get-'Em, Haines",0,0,0
Firepower,0,0,0
Hack House,0,0,0
Mesmerized,0,5000000,-5000000
When a Man's a Man,0,0,0
The Last White Knight,0,0,0
Abbey Grace,0,0,0
Do Anjaane,0,0,0
The Awkward Comedy Show,0,0,0
Maybe I'll Come Home in the Spring,0,0,0
Shotgun Love,0,0,0
Fighting Nirvana,0,0,0
Fist of the Vampire,0,0,0
Tales of the Riverbank,0,0,0
The Dragon's Snake Fist,0,0,0
SelectED,0,0,0
Victori: The Truth Just Can't Be One Thing,0,0,0
A Lamp In The Dark: The Untold History of the Bible,0,0,0
Counting for Thunder,0,0,0
24 Hour Comic,0,0,0
Sasquatch Odyssey: The Hunt for Bigfoot,0,0,0
The Marksman,0,0,0
Nightfall,0,0,0
Dhool Ka Phool,0,0,0
Voyage to the Edge of the World,0,0,0
The Getting of Wisdom,0,0,0
Produced By George Martin,0,0,0
Bad Apples,0,0,0
Existence,0,0,0
Return to Waterloo,0,0,0
Twas the Night Before Bumpy,0,0,0
Gangster World,0,3000000,-3000000
Assassins Revenge,0,0,0
Rana: The Legend of Shadow Lake,0,0,0
Gallagher: Overboard,0,0,0
Razors: The Return of Jack the Ripper,0,656000,-656000
Rajwade and Sons,0,0,0
Khyber Patrol,0,0,0
Darkness,0,0,0
Shadow Zone: My Teacher Ate My Homework,0,0,0
Manga Mad,0,0,0
Dish,0,0,0
The Brain Machine,0,0,0
Sand Sharks,0,0,0
Creature Lake,0,0,0
The Funeral Guest,0,0,0
Last Rites,426965,0,426965
Fangs of the Living Dead,0,0,0
The Phantom of 42nd Street,0,0,0
The Medicine Man,0,0,0
Zedd: True Colors,0,0,0
Broadway to Cheyenne,0,0,0
Thief: Someday You Will Pay,0,0,0
American Grand,0,0,0
Living Small Tiny House Documentary,0,0,0
Strigoi,0,0,0
Kansas Raiders,0,0,0
Carmen van het Noorden,0,1000000,-1000000
Paradise in Harlem,0,0,0
The Curse of the Living Corpse,0,120000,-120000
Secret Mysteries of America's Beginnings Volume 3: Eye of the Phoenix - Secrets of the Dollar Bill,0,15000,-15000
Dudes & Dragons,0,0,0
As Night Comes,0,0,0
Bombay To Bangkok,0,0,0
Death at Love House,0,0,0
Johnny's Girl,0,0,0
Witchcraft V: Dance with the Devil,0,1000000,-1000000
Ambushed,0,0,0
Raw Herring,0,0,0
Moving Mountains,0,0,0
Irwin & Fran,0,0,0
Shaker Run,0,0,0
Lady of Vengeance,0,0,0
Fire Monsters Against the Son of Hercules,0,0,0
Hercules Reborn,0,0,0
The Siege of Sidney Street,0,0,0
Equinox: Einstein's Biggest Blunder,0,0,0
Galaxy Lords,0,15000,-15000
Wrecker,0,0,0
Klondike Fever,0,0,0
Hi-Riders,0,0,0
The Con Artist,0,5000000,-5000000
Fallout,0,0,0
Pet Pals,0,0,0
Unmasking The Idol,0,0,0
Close Quarters,0,0,0
The Kate Logan affair,0,0,0
Granny's Got Game,0,0,0
The Last Ocean,0,0,0
Hercules Unchained,0,0,0
Run for the Sun,0,0,0
Last Call at Maud's,0,0,0
Early Release,0,0,0
The Only Way,0,0,0
Enemy at the Gate,0,0,0
Terror Talk,0,0,0
Singularity Principle,0,1050000,-1050000
Millie,0,0,0
The Redeeming,0,150000,-150000
Tank on the Moon,0,0,0
Gettin' In,0,0,0
Small Pond,0,0,0
The First Turn-On!,0,0,0
Appalachian Trial,0,0,0
1313: Actor Slash Model,0,0,0
The Annihilators,0,0,0
In Search of Peace,0,0,0
The Grotesque World of Jimmy the Bean,0,0,0
Fun Size Horror: Volume One,0,0,0
Strike Me Deadly,0,0,0
The Return of Joe Rich,0,0,0
"Secretariat's Jockey, Ron Turcotte",0,0,0
Sin Takes a Holiday,0,0,0
Detention,0,5000000,-5000000
Shirdi Sai Baba,0,0,0
Ursus in the Land of Fire,0,0,0
A Remarkable Life,0,0,0
Five Pounds,0,0,0
100 Million BC,0,0,0
Damon and Pythias,0,0,0
Storied Streets,0,0,0
Scarlet's Witch,0,0,0
Mere Khwabon Mein Jo Aaye,0,0,0
Apocalypse Mercenaries,0,0,0
Silent Conquest,0,0,0
Career Girl,0,0,0
Ripple Effect,0,0,0
Anbe Anbe,0,0,0
The Sound of the Spirit,0,0,0
The Deadline,0,0,0
Medal of Honor: The History,0,0,0
Nureyev,0,0,0
The Pristine Coast,0,0,0
The Dream Share Project,0,0,0
Where the Streets Have No Name,0,0,0
Petunia,0,0,0
Awesome Lotus,0,0,0
Down Texas Way,0,0,0
Mission Kill,0,0,0
Gnaw,0,0,0
1313: Frankenqueen,0,0,0
Jesus: He Lived Among Us,0,0,0
Goldilocks and the Three Bears,0,0,0
"The Minotaur, the Wild Beast of Crete",0,0,0
Martial Outlaw,0,0,0
Phantom Thunderbolt,0,0,0
Luxury Car,0,0,0
Another Zero in the System,0,0,0
Be Good,0,63,-63
Mask Maker,0,0,0
Point Doom,0,0,0
Sleeping Fist,1204494,0,1204494
Buckskin Frontier,0,0,0
Potpourri,0,0,0
Santa's Surprise,0,0,0
Ocean Driven,0,0,0
The Weekend,0,0,0
Polymorph,0,0,0
The White Orchid,0,0,0
Quito 2023,0,300000,-300000
Road Train,0,0,0
The Fall of '55,0,0,0
Ramblin' Freak,0,0,0
The King of the Streets,0,0,0
Dark Legacy II,0,0,0
Clarity,0,0,0
Crazy Murder,0,5000,-5000
The Law Rides Again,0,0,0
Warriors of Honor,0,0,0
In a Dark Place,0,0,0
Fury of Achilles,0,0,0
The Phantom Fiend,0,0,0
Angel's Bounty,0,10000,-10000
Dědictví aneb Kurva se neříká,0,0,0
Mozambique,0,0,0
SOS: The Titanic Inquiry,0,0,0
4th and Goal,0,0,0
A Night at the Follies,0,0,0
NASA Presents: AMS - The Fight for Flight,0,0,0
Zone of the Dead,0,1000000,-1000000
Stagecoach to Denver,0,0,0
Killer Barbys,0,0,0
Two Hundred Thousand Dirty,0,0,0
De Sade,0,0,0
Nick Di Paolo: Raw Nerve,0,0,0
Willed to Kill,0,0,0
Like Air,0,0,0
POP-U-larity!,0,0,0
Trailer Park Jesus,0,0,0
Living 'til the End,0,0,0
Eyes on the Skies,0,0,0
House of Fears,0,0,0
Endless Winter,0,0,0
Harrigan,0,0,0
BloodRayne: The Third Reich,0,10000000,-10000000
Diamondz n da Ruff,0,0,0
Beijing Flickers,0,0,0
Maria Bamford: Plan B,0,0,0
666: Kreepy Kerry,0,1000000,-1000000
The Great Chicken Wing Hunt,0,0,0
Heartstopper,0,3000000,-3000000
Queen of Sports,0,0,0
Sleeping Beauty,0,0,0
Pooja Ke Phool,0,0,0
Kumpania,0,0,0
All Forgotten,0,0,0
Amexico,0,0,0
When They Were Young,0,0,0
Demon Legacy,0,0,0
What's Up Superdoc!,0,0,0
Wolves,5471376,0,5471376
The Deadly Trap,0,0,0
Skull and Crown,0,0,0
The Being,0,0,0
Thor and the Amazon Women,0,0,0
Heroes of the Alamo,0,0,0
Try to Remember: The Fantasticks,0,0,0
Mirror Game,0,0,0
War Babies,0,0,0
Pudsey the Dog: The Movie,0,0,0
Brody Stevens: Live from the Main Room,0,0,0
Drive-In Horrorshow,0,0,0
Hearts in Bondage,0,0,0
Haunted by Her Past,0,0,0
The Trade,0,0,0
The River Niger,0,0,0
Hell Fire,0,0,0
Becky Sharp,0,0,0
Road Wars,0,0,0
The Return of Sister Street Fighter,0,0,0
American Exorcism,0,0,0
The President's Mystery,0,0,0
The Tomb,0,8800000,-8800000
Boonie Bears: Homeward Journey,0,0,0
Demon with the Atomic Brain,0,0,0
The Hooligan Wars,0,0,0
Subject 0: Shattered memories,0,0,0
The Ugly Duckling's Christmas Wish,0,0,0
Flaming Lead,0,15000,-15000
Alien Abduction,0,600000,-600000
Battle of Kings: Bannockburn,0,0,0
Pivot Point,0,0,0
Way of the Puck,0,0,0
Paris,0,0,0
The M Word,0,0,0
Ready to Fly,0,0,0
Devil's Domain,0,500000,-500000
Christmas Break-In,0,0,0
The Trail,0,0,0
Driftwood,0,0,0
Fanfare for a Death Scene,0,256,-256
Under the Same Sun,0,0,0
Hold That Woman!,0,0,0
Spiderwebhouse,0,0,0
Raghavendra,0,0,0
Dawn of the Dragonslayer,0,0,0
Angels in Our Midst,0,0,0
Eggy,0,0,0
Heart of the Rockies,0,0,0
Come on Eileen,0,0,0
Mee-Shee: The Water Giant,0,27000000,-27000000
A Dark Place Inside,0,0,0
The Free Speech Apocalypse,0,0,0
Cuddle Party,0,0,0
The Incubus,0,0,0
"Gallino, the Chicken System",0,0,0
Subprime,0,0,0
Day of the Gun,0,0,0
Apocalypse Road,0,0,0
Beer Is Cheaper Than Therapy,0,0,0
The Golden Rut,0,0,0
The Green Promise,0,0,0
Burma's Open Road: An Insight into Myanmar,0,0,0
Tormenting the Hen,0,0,0
Hopeville,0,0,0
Luna: Spirit of the Whale,0,0,0
Kill Daddy Good Night,0,0,0
Margot,0,0,0
Sarah's War,0,0,0
Strait & Narrow,0,0,0
Wrestling with Life,0,0,0
Second to Die,0,0,0
Blood + Roses,0,0,0
Linda Lovelace for President,0,0,0
The Story of the Dancing Frog,0,0,0
Number Runner,0,0,0
Koi Mere Dil Mein Hai,0,0,0
Unmasked Judeophobia,0,0,0
The Fear of Darkness,0,0,0
World Without End (No Reported Incidents),0,0,0
The Gunfighters,0,0,0
"Nick Cannon: Stand Up, Don't Shoot",0,0,0
Josh Blue: Delete,0,0,0
Last Winter,0,0,0
Crimson Romance,0,0,0
In a Town This Size,0,0,0
By Love Possessed,0,0,0
Time Table,0,0,0
Let It Bleed,0,0,0
Cracking the Da Vinci Code,0,0,0
Barbarossa,0,12000000,-12000000
The Winter Stallion,0,0,0
Michael McDonald: Model. Citizen.,0,0,0
6 Minutes of Death,0,5000,-5000
Jackrabbit,0,0,0
Saul and David,0,0,0
The Story of the Twelve Apostles,0,0,0
Rabid Grannies,0,0,0
Giant from the Unknown,0,0,0
Wandering Eye,0,3000000,-3000000
The Toilet An Unspoken History,0,0,0
"Mabel, Mabel Tiger Trainer",0,0,0
ReVamped,0,0,0
Captain Beefheart: Under Review,0,0,0
Rich in Spirit,0,0,0
Mrs. Pollifax — Spy,0,0,0
Stolen Innocence,0,0,0
Northern Frontier,0,0,0
Battle Queen 2020,0,0,0
Hectic Knife,0,0,0
Flucht nach Berlin,0,0,0
The Sea Ghost,0,0,0
Stevie D,0,0,0
Mach 2,0,0,0
Cold Blood,0,0,0
Superargo and the Faceless Giants,0,0,0
The Ladies of the House,0,0,0
High The True Tale of American Marijuana,0,0,0
On the Black Hill,0,0,0
AWOL-72,0,3000000,-3000000
That Night,0,0,0
The Luck of Roaring Camp,0,0,0
Norman Mailer: The American,0,0,0
Luke and Lucy: The Texas Rangers,0,0,0
The Case for Israel: Democracy's Outpost,0,0,0
The Light of Freedom,0,0,0
The Scam,0,0,0
No Safe Haven,0,0,0
Murder Mansion,0,0,0
NY Export: Opus Jazz,0,50,-50
The Underground Sinema,0,0,0
Under California Stars,0,0,0
5 Weddings,0,0,0
The Savage Wild,0,0,0
Chiller,0,0,0
Black Ballerina,0,0,0
Straight Outta Oakland,0,0,0
Black Oak Conspiracy,0,0,0
Rickover: The Birth of Nuclear Power,0,0,0
The Employer,0,0,0
Listen,0,0,0
Panic in Echo Park,0,0,0
Black List,0,0,0
Fishtales 3,0,0,0
Gallagher: An Uncensored Evening,0,0,0
Get Mean,0,0,0
Leather,0,0,0
A Tattered Web,0,0,0
The Cookie Thief: A Sesame Street Special,0,0,0
Game Therapy,0,2000000,-2000000
Planet of Dinosaurs,0,0,0
Cyborg X,0,1000000,-1000000
A Stand Up Guy,0,0,0
The Executioner,0,0,0
Greg Fitzsimmons: Life on Stage,0,0,0
Night Creature,0,0,0
Fist of Fury 3,0,0,0
The Butcher,0,0,0
ET Contact: They Are Here,0,0,0
Reaching for the Moon,0,0,0
King of the Newsboys,0,0,0
En el ombligo del cielo,0,0,0
A Place Called Los Pereyra,0,0,0
Maybe Baby,0,0,0
Neath Canadian Skies,0,0,0
Rootin' Tootin' Rhythm,0,0,0
Venus & Fleur,0,0,0
Saturday Night at the Baths,0,0,0
Meet Dr. Christian,0,0,0
Fruitcake,0,0,0
Buckshot,0,0,0
After Kony: Staging Hope,0,0,0
Knocking on Death's Door,0,0,0
Emergency Hospital,0,0,0
Marathon,0,0,0
Man on the Train,0,0,0
Crow Hollow,0,0,0
The House on Mansfield Street,0,0,0
Sworn to Justice,0,0,0
Dalaw,0,0,0
The Disappearance of Flight 412,0,0,0
The Phantom in the House,0,0,0
Dragon,0,0,0
Blonde and Blonder,0,0,0
After Autumn,0,0,0
Daughter of the West,0,0,0
Reggie's Prayer,0,0,0
Sky High,0,0,0
Camp Blood First Slaughter,0,0,0
Coach of the Year,0,0,0
Ultrasonic,0,0,0
Bloody Drama,0,2000,-2000
Overkill,0,0,0
Chaarulatha,0,0,0
Patagonia Rising,0,0,0
Managed Money,0,0,0
Looking for Fidel,0,0,0
Message From A Mistress,0,0,0
Behave Yourself!,0,0,0
The Big Boodle,0,0,0
The Looking Glass,0,0,0
The Vortex,0,1000000,-1000000
Judgment in Berlin,0,0,0
The Fantastical World of Hormones with Professor John Wass,0,0,0
Cover Girl Killer,0,0,0
Alcatraz,0,0,0
The Director,0,0,0
The White House: Inside Story,0,0,0
The Lawless Frontier,0,0,0
Between Two Women,0,0,0
Forgotten Evil,0,0,0
Nocturnal Agony,0,400000,-400000
Snoop Dogg Presents The Bad Girls of Comedy,0,0,0
The Girl Who Came Back,0,0,0
We Was Homeboyz,0,0,0
Eluka Majaka,0,0,0
Killer Nerd,0,0,0
The Truth,186702,11500000,-11313298
Hero of the Underworld,0,0,0
Walk a Mile in My Pradas,0,0,0
Jingle Hell,0,0,0
Intuition,0,0,0
National Lampoon Presents: Surf Party,0,0,0
Eddie Pepitone: In Ruins,0,0,0
Tumsa Nahin Dekha,0,0,0
Fiesta,0,0,0
A Walk on the Moon,0,0,0
The Gay Ranchero,0,0,0
Shake Off the World,0,0,0
The Last Film Festival,0,0,0
Donner Pass,0,300000,-300000
Being Venice,0,0,0
By God's Grace,0,0,0
Fever Night: AKA Band of Satanic Outsiders,0,0,0
The Crying Dead,0,0,0
Blood and Tears,0,0,0
Aaron Karo: The Rest Is History,0,0,0
Hercules Against the Sons of the Sun,0,0,0
Flyover Country,0,0,0
Witchcraft 15: Blood Rose,0,0,0
Barefoot Boy,0,0,0
I Am What I Play,0,0,0
The Snare,0,0,0
Tradition is a Temple: The Modern Masters of New Orleans,0,0,0
Law of the Jungle,0,0,0
Four Boys and a Gun,0,0,0
A Mother's Dream,0,100000,-100000
Manieggs - Revenge of the Hard Egg,0,0,0
Terror In Beverly Hills,0,0,0
The Dragon Fighter,0,0,0
The Other Side,0,0,0
Frank Nitti: The Enforcer,0,0,0
Seamonsters,0,0,0
In His Steps,0,0,0
Road to Juarez,0,0,0
Holes in Heaven,0,0,0
Small Small Thing,0,0,0
Dolly Deadly,0,10000,-10000
Killers from Space,0,0,0
DNA,0,0,0
Group,0,0,0
Buck Wild,0,0,0
Ian Harvie: May the Best Cock Win,0,0,0
To Jennifer,0,0,0
"Tom Rhodes: Light, Sweet, Crude",0,0,0
Post impact,0,0,0
Global Meltdown,0,0,0
The Red Man,0,0,0
Women of Twilight,0,0,0
Hide and Go Kill,0,0,0
In God's Time,0,0,0
Blessed,0,0,0
War of the Satellites,0,0,0
Confessions of an Action Star,0,2000000,-2000000
Billy Turner's Secret,0,0,0
Double Cross,0,0,0
My Boys Are Good Boys,0,0,0
The Over The Hill Gang Rides Again,0,0,0
Melody for Three,0,0,0
From Two Worlds as a Keepsake,0,0,0
Stand Your Ground,0,1100000,-1100000
Shut Up and Kiss Me,0,0,0
Sleeper,0,0,0
Blood Orange,0,0,0
Pride of Lions,0,0,0
Money Madness,0,0,0
Never Wave at a WAC,0,0,0
Gangster Story,0,75000,-75000
Lily & Kat,0,0,0
Speak Easily,0,0,0
Los Marcados,0,0,0
Let's Get Tough,0,0,0
The Border Legion,0,0,0
Distiller,0,0,0
Ghostkeeper,0,750000,-750000
Outside Sales,0,0,0
Payday,0,0,0
Paradise Canyon,0,0,0
S.I.N. Theory,0,0,0
Justice Is Mind,0,25000,-25000
Deadwood '76,0,0,0
Call of The Yukon,0,0,0
The Daniel Project,0,0,0
Rainbow Ranch,0,0,0
Against the Dark,0,9000000,-9000000
Come Simi,0,0,0
God Went Surfing With The Devil,0,0,0
UFOs and Nukes - The Secret Link Revealed,0,0,0
A Letter to a Terrorist,0,0,0
Bruce Lee The Invincible,0,0,0
Fast Romance,0,0,0
Romance in the Outfield,0,0,0
Bloodfist,0,0,0
How to Be a Billionaire,0,0,0
Custer's Last Stand,0,0,0
How Arnold Won the West,0,0,0
Madison County,182016617,24000000,158016617
Life Tastes Good,0,0,0
The Incomparable Rose Hartman,0,0,0
Bradley Manning Had Secrets,0,0,0
Action Stations,0,0,0
The Auctioneer,0,0,0
Chasing Beauty,0,0,0
What Price Crime,0,0,0
La Cucina,0,0,0
East Side Kids,0,0,0
The Survival Game,0,0,0
Savage Guns,0,0,0
Assassins' Code,0,1200000,-1200000
Heartaches,0,0,0
Shaolin Drunken Monk,0,0,0
It's in the Blood,0,0,0
Falling Up,0,0,0
Child Bride,0,0,0
Arch of Triumph,0,0,0
The Fast and the Fierce,0,0,0
Frontier Days,0,0,0
Double Duty,0,0,0
2010: Moby Dick,0,0,0
No Substitute for Victory,0,0,0
Paradox Alice,0,0,0
Marcus Garvey: A Giant of Black Politics,0,0,0
The Opera Lover,0,0,0
Savage Weekend,0,0,0
94 Feet,0,0,0
Vellaiya Irukiravan Poi Solla Maatan,0,0,0
Idle Thoughts,0,0,0
The Emperor of Peru,0,0,0
Arena of the Street Fighter,0,0,0
From This Day Forward,0,0,0
Grave of the Vampire,0,50000,-50000
Redemption,28341469,25000000,3341469
Don't Hang Up,0,0,0
Karm,0,0,0
The Large Rope,0,0,0
Frontier Uprising,0,0,0
Zombie Hunter,0,0,0
Bad City,0,0,0
Little Tough Guy,0,0,0
The Frames: In the Deep Shade,0,0,0
Marte Dam Tak,0,0,0
Coming Home,0,0,0
Terror from Beneath the Earth,0,10000,-10000
I Am a Teacher,0,0,0
Vengeance of the Zombies,0,0,0
Arizona Days,0,0,0
Toxic Crusaders The Movie,0,0,0
The Man Who Stopped the Desert,0,0,0
Stomping Ground,0,0,0
In the Doghouse,0,0,0
Asylum: the Lost Footage,0,0,0
Sky Racket,0,0,0
Elijah's Ashes,0,0,0
Babes with Blades,0,250000,-250000
Cold Blooded,0,0,0
Ghostline,0,0,0
Navy Secrets,0,0,0
Brothers O'Toole,0,0,0
The Turnaround,0,0,0
Branded a Coward,0,0,0
Carlos el terrorista,0,0,0
Law of the Lash,0,0,0
Aeon: The Last Vampyre on Earth,0,0,0
Special Needs,0,0,0
My Playground,0,0,0
The Devil's Music,0,50000,-50000
Ball and Chain,0,0,0
Mike E. Winfield: Stepman,0,0,0
Ablaze,0,0,0
Bad People,0,0,0
Dead Cert,0,0,0
Justin Bieber: Limitless,0,0,0
Drunk on Love,0,0,0
Zombie Night,0,1000000,-1000000
My Revolution,0,0,0
Dark Remains,0,0,0
Swing Hostess,0,0,0
American Joyride,0,0,0
The Courageous Dr. Christian,0,0,0
Half Shot at Sunrise,0,0,0
Boogie Boy,0,0,0
Viking: The Berserkers,0,0,0
A Doggone Hollywood,0,0,0
By Any Name,0,0,0
Dead Man's Cards,0,0,0
Tango,0,0,0
Backstreet Justice,0,0,0
High Gear,0,0,0
Born Wild,0,0,0
Before the Dark,0,0,0
Money Means Nothing,0,0,0
Redemption Trail,0,0,0
The Abduction,0,0,0
Love Takes Flight,0,0,0
Julien & Claire,0,0,0
What's the T?,0,0,0
Death Ring,0,0,0
Badlands of Kain,0,0,0
All American Christmas Carol,0,0,0
Asylum of Darkness,0,0,0
"Gappa, the Triphibian Monster",0,0,0
Shadow Builder,0,0,0
Target of an Assassin,0,0,0
Who's Your Monkey?,0,0,0
Seven Hours of Gunfire,0,0,0
Alter Ego,0,0,0
The Third Day,0,0,0
Perfect Piece,0,0,0
13th Child,0,0,0
Blueprint,0,0,0
Remarkable Power,0,0,0
They Came from Beyond Space,0,0,0
Revelation Trail,0,0,0
The Extra Girl,0,0,0
Love U... Mr. Kalakaar!,0,0,0
Submarine Alert,0,0,0
Savage Memory,0,0,0
Ghostlight,0,0,0
The Insomniac,0,0,0
Trinity and Sartana Are Coming,0,0,0
Ishq Garaari,0,0,0
Stasis,0,0,0
Baroudeur,0,0,0
Colorado,0,0,0
The Reckoning,0,0,0
Anger of the Dead,0,0,0
Unknown Powers,0,0,0
Americanizing Shelley,0,0,0
Good Satan,0,0,0
Unshackled,0,0,0
Badaltey Rishtey,0,0,0
7 Star Grand Mantis,0,0,0
The Amityville Terror,0,500000,-500000
Himmat,0,0,0
Balakrishnudu,0,0,0
The Bridgewater Triangle,0,0,0
Mary Loss of Soul,0,0,0
Rising Star,0,0,0
Southward Ho,0,0,0
Suburbanite,0,0,0
Sister Street Fighter: Fifth Level Fist,0,0,0
Bugged,0,0,0
The Long Island Railroad Massacre: 20 Years Later,0,0,0
The Odds,0,0,0
Blue Citrus Hearts,0,3000,-3000
M Cream,0,0,0
Born in Light: Tesla,0,0,0
What Katy Did,0,0,0
Dr. Kildare's Strange Case,0,0,0
Edge of Salvation,0,0,0
Young and Willing,0,0,0
Clearing the Range,0,0,0
Ares 11,0,0,0
The Trail Beyond,0,0,0
Hands Across the Border,0,0,0
Bombs Over Burma,0,0,0
8.5 Hours,0,100000,-100000
Promises! Promises!,0,0,0
Badass Monster Killer,0,0,0
Eyes of Texas,0,0,0
Valley of the Fangs,0,0,0
Cold Deck,0,0,0
Haunting of Winchester House,0,0,0
A Free Bird,0,0,0
"Turtle Hill, Brooklyn",0,0,0
Saltwater,0,10000,-10000
13 Hours in a Warehouse,0,0,0
Etgar Keret What Animal R U?,0,0,0
Pride Divide,0,0,0
Once and Future Queen,0,0,0
Rip Roarin' Buckaroo,0,0,0
Change of Life,0,0,0
Pray TV,0,0,0
Desert Command,0,0,0
The First Secret City,0,0,0
Black Eagle Of Santa Fe,0,0,0
Jungle Tales,0,0,0
I Really Hate My Job,0,0,0
Song of Texas,0,0,0
Morgan's Ferry,0,0,0
Haunted 2: Apparitions,0,100000,-100000
My Little Sister,0,0,0
Anjaneya,500000,500000,0
Jackson Bolt,0,0,0
A Clown's Recovery,0,0,0
Dushmani: A Violent Love Story,0,0,0
Carter's Army,0,0,0
Diamond Cartel,0,0,0
Breaking Through,0,0,0
Displacement,0,0,0
Machine Head,0,0,0
The Last of the Vikings,0,0,0
The 13th Man,0,0,0
Dead List,0,0,0
Hot Rod Girl,0,0,0
Jesse James Meets Frankenstein's Daughter,0,0,0
Stalking Santa,0,0,0
Antisocial Behavior,0,0,0
Cowboy and the Senorita,0,0,0
American Bystander,0,0,0
A Wedding Most Strange,0,0,0
Idaho The Movie,0,0,0
Mission of Burma: Not a Photograph - The Mission of Burma Story,0,0,0
Drinksgiving,0,0,0
Crackerjack,0,0,0
All About Us,0,0,0
The Reckoning: Remembering the Dutch Resistance,0,0,0
Bad Girl Island,0,0,0
Death Falls,0,0,0
Sleepwalkers Who Kill,0,0,0
Tom Thumb Meets Thumbelina,0,0,0
The Flemish Farm,0,0,0
Trapper Jake,0,0,0
Adolf Hitler - My Part in His Downfall,0,0,0
Barrio Brawler,0,0,0
A Small Good Thing,0,0,0
Deep Evil,0,1500000,-1500000
Night Claws,0,0,0
One Step Behind,0,0,0
Shaolin Deadly Kicks,0,0,0
Hail Caesar,0,0,0
Calendar Girl,0,0,0
Samouraïs,0,0,0
She Had to Choose,0,0,0
The Hairy Ape,0,0,0
Final Appointment,0,0,0
Alien Agenda: Project Grey,0,490000,-490000
Law Point,0,0,0
Hybrid,0,0,0
The Perfect Weapon,17000000,8000000,9000000
A Troubled Mind,0,0,0
The Brick House,0,0,0
Ibiza Undead,0,0,0
Rim of the Canyon,0,0,0
"OK, Good",0,0,0
The Ouija Experiment,0,0,0
The Four Deuces,0,0,0
Not Quite an Angel,0,0,0
Disconnect,0,0,0
Ghost Witch,0,10000,-10000
Chrome and Hot Leather,0,0,0
Palace of Silents,0,0,0
David Bromberg: Unsung Treasure,0,0,0
Van Halen: The Van Halen Story,0,0,0
HEART: Flatline to Finish Line,0,0,0
Jimmy Dore: Sentenced To Live,0,0,0
The Greatest Man in the World,0,0,0
A Letter for Joe,0,0,0
H and G,0,0,0
Kalki,0,0,0
The Other Side of the Mirror,0,0,0
The Last Alarm,0,0,0
In Old Caliente,0,0,0
Sunset Serenade,0,0,0
Rough Draft,0,0,0
Navy SEALS v Demons,0,0,0
The Gunman From Bodie,0,0,0
The Pusher,0,0,0
The Hurricane Express,0,0,0
Back Road Diner,0,0,0
Land Grab,0,0,0
VA: The Human Cost of War,0,0,0
"Frank Zappa - Freak Jazz, Movie Madness & Another Mothers",0,0,0
Circumstances,0,0,0
Dan Cummins: Don't Wake The Bear,0,0,0
Fetching,0,0,0
The Mugger,0,0,0
Dance for Me,0,0,0
Reunion,0,0,0
Age of the Dragons,0,5000000,-5000000
Whirlwind,0,0,0
Doctor Spine,0,0,0
Skyway,0,0,0
The Duel of the Century,0,0,0
Godmonster of Indian Flats,0,0,0
Last Flight Out,0,0,0
The Casserole Club,0,0,0
Telling of the Shoes,0,0,0
The Last Flight of Petr Ginz,0,0,0
Way Down South,0,0,0
The Screaming Skull,0,0,0
Neath the Arizona Skies,0,0,0
The Rocky Mountain Fly Highway,0,0,0
The Shop,0,175000,-175000
BloodRayne: Deliverance,167445,10000000,-9832555
Avarice,0,0,0
The Twilight People,0,0,0
"Run, Hide, Die",0,50000,-50000
The Sklar Brothers: What Are We Talking About?,0,0,0
Play Nice,0,0,0
Queen of Condoms,0,0,0
Angel Camouflaged,0,4000000,-4000000
Billboard,0,0,0
Udanchhoo,0,0,0
Held Hostage,0,0,0
Skating to New York,0,0,0
The Woman Condemned,0,0,0
Hunting Evil,0,0,0
Samson and the Seven Miracles of the World,0,0,0
Nuclear Family,0,0,0
The Inquisition of Camilo Sanz,0,0,0
Turning Point,0,100000,-100000
Where Evil Lives,0,0,0
Lost Treasure,0,0,0
The Imagemaker,0,0,0
Mind and Machine,0,0,0
Territorial Behavior,0,0,0
Time Again,0,0,0
Costa Rican Summer,0,0,0
Yellowneck,0,0,0
A Path in Time,0,0,0
Daniel's Lot,0,0,0
Dutch Kills,0,0,0
Blazing Barriers,0,0,0
Breakdown Lane,0,0,0
"Karl Rove, I Love You",0,0,0
The Nine Lives of Marion Barry,0,0,0
Playback,0,0,0
Palooka,0,0,0
Chihuahua too!,0,0,0
Enchiridion,0,0,0
Western Religion,0,0,0
Rhythm in the Clouds,0,0,0
In Their Own Words: The Tuskegee Airmen,0,0,0
Bandhan,1700000,0,1700000
Maximum Shame,0,0,0
Gallagher: We Need a Hero,0,0,0
Roll on Texas Moon,0,0,0
Craig Shoemaker: Daditude,0,0,0
Bheegi Raat,0,0,0
The Whispering Skull,0,0,0
Are You Scared 2,0,0,0
Bucksville,0,0,0
Off Shore,0,0,0
The Callback Queen,0,0,0
Unexpected Places,0,0,0
Theatre of the Deranged II,0,0,0
Laughterhouse,0,0,0
Hands of a Stranger,0,0,0
American Warships,1000000,0,1000000
31 North 62 East,0,3100000,-3100000
Lamhaa,0,0,0
Campbell's Kingdom,0,0,0
Carnage for the Destroyer,0,0,0
Blast,0,700000,-700000
The Boatman,0,1200000,-1200000
Metamorphosis,0,0,0
Wedding Day,0,350000,-350000
He Who Dares: Downing Street Siege,0,3000000,-3000000
The Odyssey of Destiny,0,0,0
The Mysterious Mr. Wong,0,0,0
The Audition,0,0,0
The Legend of Black Annie,0,0,0
Sucker Money,0,0,0
The Alamo: A True Story of Courage,0,0,0
My Brother's Keeper,0,0,0
As Night Falls,0,0,0
Robert,0,0,0
The Da Vinci Code Decoded,0,0,0
California 90420,0,0,0
Dark Silence,0,250000,-250000
Barstool Cowboy,0,10000,-10000
Shaolin Kung Fu Master,0,0,0
Rent Control,0,0,0
Golden Winter,0,0,0
My Husband Is a Millionaire,0,0,0
Someone I Touched,0,0,0
The Little Bird and the Squirrel,0,0,0
AE: Apocalypse Earth,0,1000000,-1000000
The Knot,0,0,0
Rabid Love,0,100000,-100000
The Angry Brigade: The Spectacular Rise and Fall of Britain's First Urban Guerilla Group,0,0,0
Dirty Energy,0,0,0
Mazdoor,0,0,0
Dark Mountain,0,0,0
Against the Grain,0,0,0
Apollo 8: Christmas at the Moon,0,100000,-100000
Dragonfyre,0,350000,-350000
Panman,0,10000,-10000
Buckets,0,0,0
Terror at Blood Fart Lake,0,0,0
Streets of Plenty,0,0,0
Bear with Me,0,0,0
The Virgin of Juarez,0,0,0
Atlantic Rim: Resurrection,0,0,0
Exodus 1947,0,0,0
Shaolin vs. Ninja,0,0,0
Termite: The Walls Have Eyes,0,0,0
Give Me One Reason,0,0,0
American Conjuring,0,0,0
Blood Monkey,0,0,0
Yennamo Yedho,0,0,0
The Game of Truth,0,0,0
High Powered,0,0,0
Love in the Nick of Tyme,0,0,0
Lost: MH 370,0,0,0
TNT Jackson,0,0,0
Mega Shark vs. Crocosaurus,0,0,0
Paranormal Whacktivity,0,3600000,-3600000
Boy of the Streets,0,0,0
Things 4,0,0,0
Finding Traction,0,31072,-31072
Inside the Garbage of the World,0,0,0
Unsolved Suburbia,0,0,0
Izzie's Way Home,0,0,0
JT: Reflections,0,0,0
The Hidden Faith of the Founding Fathers,0,0,0
I Got Five on It,0,0,0
When the Lights Go Out,0,0,0
No Weapon Shall Prosper,0,0,0
The Vengeance of Ursus,0,0,0
Goth,0,0,0
When Justice Fails,0,0,0
The Summoning,0,0,0
Are You Scared?,0,0,0
Voices in the Tunnels,0,0,0
Donkey X,7365250,18000000,-10634750
Anneliese: The Exorcist Tapes,0,0,0
Daniel's Daughter,0,0,0
Speedunnodu,0,4900000,-4900000
Little Spirit: Christmas in New York,0,0,0
Unnatural & Accidental,0,0,0
Rats,0,0,0
Jesse James' Women,0,0,0
Paradise Island,0,0,0
Fish N Chips: The Movie,0,0,0
Sawan Ki Ghata,0,0,0
Madame Sin,0,0,0
Alien Domicile,0,0,0
Anna,0,0,0
United Passions,0,27000000,-27000000
Geezas,0,0,0
Groupie,0,0,0
Origins of Life,0,0,0
Nick Thune: Good Guy,0,0,0
Point of Entry,0,0,0
Bad Building,0,0,0
BoardHeads,0,0,0
The Virginian,0,2000000,-2000000
Colby,0,0,0
Fairfield,0,0,0
Final Verdict,0,0,0
Air Panic,0,0,0
Corrado,0,0,0
House of Bad,0,0,0
The Death Merchant,0,0,0
The Kid Ranger,0,0,0
The Savage Girl,0,0,0
Let Go and Let God,0,0,0
El Evangelista,0,0,0
The Woman Hunter,0,0,0
It Lives Inside,0,0,0
Angle of Attack,0,0,0
A Bullet for Sandoval,0,0,0
The 72 Desperate Rebels,0,0,0
Mr. Doodle Kicks Off,0,0,0
Killer by Nature,0,0,0
300 Killers,0,0,0
Crossfire: The Plot that Killed Kennedy,0,0,0
Tommy Chong Presents Comedy at 420,0,0,0
Dead Aim,0,0,0
The Fuzzy Pink Nightgown,0,0,0
Underexposed: A Women's Skateboarding Documentary,0,0,0
Maximum Security,0,0,0
The Confessional,0,0,0
Luk'Luk'I,0,0,0
Roadhouse Girl,0,0,0
Dawning of the Dead,0,0,0
Hunting Buddies,0,0,0
Love Trap,0,0,0
Truth About Kerry,0,0,0
Red Boots for Christmas,0,0,0
Avengers Grimm,0,0,0
Tappy Toes,0,0,0
Murder in Law,0,0,0
40 Days and Nights,0,0,0
The Ghost of Saint Aubin,0,0,0
Devil's Cargo,0,0,0
Silver Spurs,0,0,0
जान तेरे नाम,0,0,0
Colorado Sundown,0,0,0
Off Season,0,0,0
Check Point,0,0,0
Jane and the Lost City,0,0,0
My Name Is Paul,0,0,0
Smile Pretty,0,0,0
Midwest Obsession,0,0,0
Last Resort,0,0,0
The Revenger,0,0,0
Just 45 Minutes from Broadway,0,0,0
House of Ghosts,0,3500,-3500
A Box of Faith,0,0,0
Minstrel Man,0,0,0
Old No. 587: The Great Train Robbery,0,0,0
Skull World,0,0,0
Twisted Justice,0,0,0
Childish Things,0,0,0
Dirty Paradise,0,0,0
Nakshatra,0,0,0
Cattle Stampede,0,0,0
Private Information,0,0,0
Wetbacks,0,0,0
The Jungle King,0,0,0
Undercover Kids,0,0,0
Shannon Street: Echoes Under a Blood Red Moon,0,0,0
Cruel World,16344,2000000,-1983656
Disciples,0,0,0
The Unholy Rollers,0,0,0
One Night in Taipei,0,0,0
Hidden 3D,1670477,8000000,-6329523
The Queen of Hollywood Blvd,0,0,0
Classroom 6,0,0,0
The Unbeaten 28,0,0,0
The Hoosier Schoolmaster,0,0,0
Mother India,0,0,0
A Shepherd of Pure Heart,0,0,0
Mega Piranha,0,3000000,-3000000
Hypnagogic,0,0,0
High Lonesome,0,0,0
Shyamal Uncle Turns Off the Lights,0,0,0
Alone for Christmas,0,0,0
Forbidden Jungle,0,0,0
Battle at Beaver Creek,0,0,0
Twice Dead,0,0,0
State Department: File 649,0,0,0
Dance the Past Into The Future,0,0,0
Pauly Shore's Pauly-tics,0,0,0
Stone Temple Pilots: Alive in the Windy City,0,0,0
Quest For The Lost Tribes,0,0,0
The Junior Defenders,0,0,0
Hidden Fears,0,0,0
Oath of Vengeance,0,0,0
Sex Ain't Love,0,0,0
The Corrupted,0,0,0
Colour from the Dark,0,100000,-100000
Roadside Massacre,0,325000,-325000
Sorrow,0,0,0
California High,0,0,0
The Giant of Marathon,0,0,0
The Crown and the Dragon,0,0,0
Funland,0,0,0
The Busy Little Engine,0,0,0
It Must Be Love,0,0,0
Don't Pass Me By,0,650000,-650000
Identikit,0,0,0
The One Eyed Soldiers,0,0,0
Murder Once Removed,0,0,0
Sloppy the Psychotic,0,0,0
The Foreign Exchange Student,0,0,0
Splintered,0,2300000,-2300000
North v South,0,0,0
Bury My Heart with Tonawanda,0,0,0
Relative Evil,0,0,0
Saint Street,0,0,0
Down Here,0,0,0
Bachelorette's Degree,0,0,0
The Winner,0,0,0
Rows,0,0,0
Grace and Mercy,0,0,0
Man from Music Mountain,0,0,0
Dealers Among Dealers,0,0,0
A Gangland Love Story,0,500000,-500000
Nevada City,0,0,0
Cocaine Conspiracy,0,0,0
Spices of Liberty,0,0,0
The Ballad of Billie Blue,0,0,0
The List,0,0,0
The Supernaturals,0,0,0
Here Is Germany,0,0,0
Jackhammer,0,0,0
The Good Die Young,0,0,0
In The House of Flies,0,0,0
Trocadero,0,0,0
Mona,0,65000000,-65000000
The Last Ones,0,1900000,-1900000
The Jungle Book: Search for the Lost Treasure,0,0,0
Bury Them Deep,0,0,0
7days 2guys 1juicer,0,0,0
Whitney Houston - We Will Always Love You,0,0,0
Foreign Land,0,0,0
The City Is Mine,0,0,0
Arkham Sanitarium: Soul Eater,0,0,0
Where I Begin,0,0,0
The Ranger and the Lady,0,0,0
The Gay Amigo,0,0,0
King Frat,0,0,0
Spivs,0,0,0
Three of a Kind,0,0,0
Utah,0,0,0
The Blackout,0,1300000,-1300000
Delivery,51164106,26000000,25164106
Creed of Gold,0,0,0
Raja,0,0,0
Paigham,0,0,0
Laurel & Hardy: Hats Off,0,0,0
A Cry from Within,0,450,-450
Anthony Clark: Ambiguous,0,0,0
When's Your Birthday?,0,0,0
Wild Horse,0,60000,-60000
The Unwanted,0,100000,-100000
In The Spider's Web,0,0,0
Temptation,0,0,0
Black Dragons,0,0,0
Krishnashtami,0,0,0
The Suffering,0,0,0
The Famous Joe Project,0,0,0
Monique Marvez: Not Skinny Not Blonde,0,0,0
Super Power,0,0,0
John Hus,0,0,0
Honky Holocaust,0,15000,-15000
Pondemonium 2,0,0,0
Justin Bieber: Rise to Fame,0,0,0
The Astro-Zombies,0,37000,-37000
Warning from Space,0,0,0
Safehouse,0,200000,-200000
"Every Everything: The Music, Life & Times of Grant Hart",0,0,0
Prem Deewane,0,0,0
Cold Pressed,0,0,0
The First Howie Mandel Special,0,0,0
False Pretenses,0,0,0
The Ghost of Spoon River,0,0,0
Vampira,0,0,0
Out of Gas,0,300000,-300000
Walking with Wolves,0,0,0
Git Along Little Dogies,0,0,0
Seasons of a Life,0,0,0
Willie Barcena: The Truth Hurts,0,0,0
The Wayne Murder Case,0,0,0
Dream a Little Dream 2,0,0,0
Iron Wolf,0,0,0
The Displaced Person,0,0,0
Dangerous Curves,0,0,0
I Love N.Y.,0,0,0
New Mexico,0,0,0
La Vaca - Holy Cow,0,800,-800
Death in Small Doses,0,0,0
Drive-In Massacre,0,0,0
3 Bears Christmas,0,0,0
Invincible Super Chan,0,0,0
100 Degrees Below Zero,0,500000,-500000
Save the Farm,0,0,0
The Back 80,0,0,0
Ground Zero,0,0,0
Mister Scrooge to See You,0,0,0
Meet the Boy Friend,0,0,0
The Thirteenth Guest,0,0,0
Blood and High Heels,0,0,0
White Water Black Gold,0,0,0
Last Love Lost,0,0,0
War Devils,0,0,0
Time Lock,0,0,0
Beasts Of The Bible,0,0,0
The Love You Save,0,0,0
Wombling Free,0,0,0
The Stick Up,0,0,0
Lucy's Really Lost Moments,0,0,0
Courting Courtney,0,0,0
Hollywood High,0,0,0
Street Warrior,0,0,0
San Fernando Valley,0,0,0
Cop Hater,0,0,0
Quel maledetto ponte sull'Elba,0,0,0
The Harrow,0,0,0
Deserted,0,0,0
Crash and Burn,0,0,0
Inside IS: 10 Days in the Islamic State,0,0,0
Samui Song,0,0,0
EuroClub,0,500000,-500000
My Country,0,0,0
Nazis at the Center of the Earth,0,0,0
Slaughter Party,0,0,0
Finish Line,0,0,0
Tormented,0,0,0
Freaks In Love,0,0,0
The People's Enemy,0,0,0
Cage of Evil,0,0,0
Marshal of Cedar Rock,0,0,0
Cuban Rebel Girls,0,0,0
Murder on Lenox Avenue,0,0,0
Howling IV: The Original Nightmare,0,0,0
Daydreamer,0,0,0
Silent No More,0,0,0
Life Fine Tuned,0,0,0
Searchers 2.0,0,0,0
Dirtymoney,0,0,0
Winning of the West,0,0,0
Moon of the Wolf,0,0,0
Concrete Cowboys,0,0,0
Bible Conspiracies,0,0,0
The Seven Commandments of Kung Fu,0,0,0
Vacant House,0,35000,-35000
Humble Beauty: Skid Row Artists,0,0,0
The Devil's Mile,0,0,0
The Oklahoma Cyclone,0,0,0
Tornado,0,0,0
I m 24,0,0,0
The Hard Ride,0,0,0
Sense of Urgency,0,0,0
The Witching,0,0,0
Telephone Operator,0,0,0
On Angel Wings,0,0,0
Broken Roads,0,0,0
"Congratulations, It's a Boy!",0,0,0
Airline Disaster,0,0,0
Palmdale,0,0,0
Reuniting the Rubins,0,0,0
Jay Mohr: Happy. And A Lot.,0,0,0
And There Were 4,0,0,0
Kirdar-E-Sardar,0,0,0
Slash,0,0,0
Papa,0,0,0
Earthstorm,0,0,0
Barricade,0,0,0
The Final Storm,0,0,0
Kid from Kwangtung,0,0,0
City Slacker,0,0,0
A Valentine Carol,0,0,0
Maxie,0,0,0
Brutal,0,0,0
Fenced Off,0,0,0
Return to the Lost World,0,0,0
Direct Hit,0,0,0
The Wounds We Cannot See,0,0,0
Michael Schenker: Temple Of Rock Live In Europe,0,0,0
The Last Treasure Hunt,0,0,0
The Horror of Party Beach,0,0,0
Sir Noface,0,0,0
Girl Gang,0,0,0
Kill the Golden Goose,0,0,0
Phoenix the Warrior,0,0,0
Santorini Blue,0,0,0
Clinger,0,0,0
Bullies,0,0,0
Watch Out,0,300000,-300000
Gallagher: Messin' Up Texas,0,0,0
Paradise Isle,0,0,0
Adam Lost His Apple,0,0,0
Behind the Blue Veil,0,0,0
The Black Miami,0,0,0
Reverend I'm Available,0,0,0
Robert Wise: American Filmmaker,0,0,0
Rwanda: The Royal Tour,0,0,0
Beauty Bites Beast,0,0,0
Secret Societies and Sacred Stones: From Mecca to Megaliths,0,0,0
Circus Without Borders,0,0,0
Kundanapu Bomma,0,0,0
Mickey Cucchiella: Short Stories,0,0,0
Gunsmoke Ranch,0,0,0
Trigger Pals,0,0,0
Crossroad,0,0,0
High School Hellcats,0,0,0
Ready 2 Die,0,0,0
Zion Canyon: Treasure of the Gods,0,0,0
In God's Hands,0,0,0
The Shattering,0,0,0
Four Robbers,0,0,0
Blur Circle,0,50000,-50000
Ride in a Pink Car,0,0,0
Bee People,0,0,0
Cattle Queen of Montana,0,0,0
Loveless in Los Angeles,0,0,0
Hamlet & Hutch,0,0,0
Superstarlet A.D.,0,0,0
Green Eyes,0,0,0
The Pyramid - Finding the Truth,0,0,0
Public Cowboy No. 1,0,0,0
The Payaso Comedy Slam,0,0,0
Sasirekha Parinayam,0,0,0
Buckaroo,0,350000,-350000
The Tell-Tale Heart,0,0,0
The Lady Says No,0,0,0
Savage Justice,0,0,0
Sing Over Me,0,0,0
What Really Frightens You?,0,0,0
Alien Psychosis,0,1000000,-1000000
Sometimes the Good Kill,0,0,0
King Me,0,0,0
Misbehaving Husbands,0,0,0
Inhumanity,0,0,0
Exciting Dragon,0,0,0
Geo-Disaster,0,0,0
Aliens: Zone of Silence,0,0,0
The Buddha Assassinator,0,0,0
Late Rounders,0,0,0
Planet Rethink,0,0,0
The Scandalous Four,0,0,0
Seven Savage Men,0,0,0
Clutter,0,0,0
Headed South for Christmas,0,0,0
The Mystery of the 13th Guest,0,0,0
Return of Shanghai Joe,0,0,0
Dark Vision,0,0,0
Windows,0,0,0
Latin Divas Of Comedy,0,0,0
The Devil's Ground,0,0,0
Margarette's Feast,0,0,0
co2,0,0,0
The Bench,0,200,-200
Six Shootin' Sheriff,0,0,0
The House with 100 Eyes,0,0,0
2012 Doomsday,0,250000,-250000
"No, No, Nanette",0,0,0
Chop Kick Panda,0,0,0
Burning Man: Beyond Black Rock,0,0,0
Land of Leopold,0,1000000,-1000000
Mop King,0,0,0
And Then Came Summer,0,0,0
Christmas at Maxwell's,0,0,0
Breakfast in Hollywood,0,0,0
What Matters Most,0,0,0
Tie the Knot,0,0,0
Black Angels,0,35000,-35000
Palakkattu Madhavan,0,0,0
Distant Justice,0,0,0
The Possessed,0,0,0
Monsterwolf,0,0,0
"Exit the Dragon, Enter the Tiger",0,0,0
A Novel Romance,0,0,0
Help Us Find Sunil Tripathi,0,0,0
Rainbow Boys: The Movie,0,0,0
Kate Bush: Under Review,0,0,0
Sunset on the Desert,0,0,0
Berlin Junction,0,0,0
Back to Awesome,0,0,0
Clonehunter,0,0,0
Taven,0,25000,-25000
Color Me You,0,0,0
Lawless: Dead Evidence,0,0,0
Love in Pawn,0,0,0
Dangar Doctor Jelly,0,0,0
The Other Hell,0,0,0
Luna Park,0,0,0
The Dawn,0,0,0
Sun Dragon,0,0,0
Symphony of Living,0,0,0
Heads for Sale,0,0,0
Street Corner,0,0,0
Speed Dating,0,0,0
Bottoms Up,0,0,0
White Tiger,0,0,0
A Killing Affair,35000,0,35000
UnCivil Liberties,0,250,-250
Runaway Hearts,0,0,0
Comin' at Ya!,0,0,0
Uncivilised,0,0,0
"Come On, Tarzan",0,0,0
The Hot Potato,0,0,0
Beauty Beneath the Dirt,0,0,0
Cain Hill,0,50,-50
Made in Cleveland,0,0,0
Devil Riders,0,0,0
"What Now, Catherine Curtis?",0,0,0
Soledad,0,0,0
Poseidon Rex,0,0,0
Return of the Boogeyman,0,0,0
As Dreamers Do,0,0,0
Red Sea,0,0,0
The Widow's Might,0,0,0
Devils of Darkness,0,0,0
Eagle vs. Silver Fox,0,0,0
Chasing Grace,0,0,0
Scary Story Slumber Party,0,0,0
Between the Devil and the Deep,0,0,0
Vraie Jeanne / fausse Jeanne,0,0,0
Dark Waters,0,0,0
Love Simple,0,0,0
Waterfront Lady,0,0,0
Lies & Illusions,113280098,70000000,43280098
Wall Street Cowboy,0,0,0
Angel of Vengeance,0,0,0
Wunderland,0,0,0
Billy the Kid Trapped,0,0,0
Women and Water,0,0,0
Deadly Intent,0,0,0
Blindside,0,0,0
Greencard Warriors,0,0,0
Man of Courage,0,0,0
Dark Spirits,0,0,0
Kiss of the Tarantula,0,0,0
The Telling,0,0,0
People Are Funny,0,0,0
UFOs: 50 Years of Denial?,0,0,0
Little Heroes,0,0,0
Arrows of Fire,0,0,0
Fight Valley,0,27000000,-27000000
Love Will Keep Us Together,0,0,0
Another Barrio,0,0,0
Tomorrow You're Gone,0,0,0
The Dungeon of Dr. Dreck,0,0,0
The Black Kung Fu Experience,0,0,0
Fired,0,0,0
The most important thing in life is not being dead,0,0,0
Defective,0,0,0
Fight Like a Girl,0,0,0
Jack Squad,0,75000,-75000
Soul,0,0,0
Mystery of the Pink Dolphin,0,233,-233
Ocean Blues,0,0,0
Daylight,159212469,80000000,79212469
Holiday Miracle,0,0,0
RoboDoc,0,0,0
MegaFault,0,1200000,-1200000
Fannie's Last Supper,0,0,0
September Storm,0,0,0
My Brother's War,300,40,260
Dawn Express,0,0,0
The Naked Hills,0,0,0
The Bashful Bachelor,675000,165000,510000
The Master of Kung Fu,0,0,0
Incident in an Alley,0,0,0
Dead Eyes Open,0,0,0
The Stilwell Road,0,0,0
Alien Vs. Zombies,0,0,0
The Bits of Yesterday,0,29,-29
Musketeers Forever,0,0,0
Dragon Dies Hard,0,0,0
Fishtales,0,0,0
Burden of Evil,0,0,0
Trip to Bhangarh,0,0,0
Stan Lee's Harpies,0,0,0
Clean Before Loading,0,0,0
Dating Daisy,0,0,0
Der Andere - eine Familiengeschichte,0,0,0
The Last Light,0,400000,-400000
Serial Kaller,0,130000,-130000
Love & Drugs,66316289,17000000,49316289
The Living Ghost,0,0,0
Bear,250397798,128000000,122397798
Camp Dread,0,0,0
The Grift,0,0,0
Player 5150,0,0,0
A Shriek in the Night,0,0,0
500 MPH Storm,0,300000,-300000
The House of Angelo,0,0,0
Dil Tera Diwana,0,0,0
House of Fallen,0,2000000,-2000000
The Boxing Girls of Kabul,0,0,0
Code of the Cactus,0,0,0
Laundry Day,0,0,0
Hickey,0,0,0
Blood Moon,0,0,0
Overrun!,0,0,0
Charlotte,0,0,0
Never Leave Alive,0,0,0
Method,0,0,0
Fathers of the Sport,0,0,0
Cain's Cutthroats,0,0,0
The Slaughter of the Vampires,0,0,0
Red Passport,0,0,0
Roadside,0,325000,-325000
The Decoy,0,0,0
Fake,0,0,0
"Howard Hughes: The Great Aviator - His Life, Loves & FIlms",0,0,0
Wolvesbayne,0,0,0
The Three Little Pigs,0,0,0
Born To Love You,0,0,0
Chasing the Star,0,0,0
The Black Water Vampire,0,0,0
Sons of Italy,0,0,0
Hemorrhage,0,7,-7
Creature from the Haunted Sea,0,0,0
Terror on the 40th Floor,0,0,0
Tudawali,0,0,0
Accidental Exorcist,0,0,0
Armed and Deadly,0,0,0
Counter Clockwise,0,0,0
The Remake,0,0,0
The Range Busters,0,0,0
A Good Dream,0,0,0
The Coffee Shop,0,0,0
Philo Vance Returns,0,0,0
"Daniel Boone, Trail Blazer",0,0,0
Rising Stars,0,0,0
The Driftin' Kid,0,0,0
The Land That Time Forgot,0,0,0
Crosshairs,0,1250000,-1250000
Birds of a Feather 2,0,0,0
The Old Barn Dance,0,0,0
The Limping Man,0,0,0
Hi-De-Ho,0,0,0
The Cape Town Affair,0,0,0
Doll Face,0,0,0
The Speed of Thought,0,2000000,-2000000
The Bad Bunch,0,0,0
Merry In-Laws,0,0,0
White Comanche,0,0,0
Ghosts at Sea: Paranormal Shipwrecks and Curses,0,0,0
Alien from Area 51: The Alien Autopsy Footage Revealed,0,0,0
The Haunting of Whaley House,0,115000,-115000
Fatal Instinct,0,0,0
Freeriders,2,0,2
Yukon Flight,0,0,0
Code of the Fearless,0,0,0
"Look, Stranger",0,0,0
Ghostquake,0,0,0
Dinosaurs in the Outback,0,0,0
Bheja Fry 2,0,0,0
American Descent,0,0,0
Revolution 666,0,0,0
Camera Obscura,0,0,0
Najma,0,0,0
Baghdad Taxi,0,0,0
Missile to the Moon,0,65000,-65000
Border Town,0,0,0
To Love and to Cherish,0,0,0
Réquiem NN,0,0,0
Windjammer,0,0,0
Gateways to Faerie,0,0,0
Night Sights,0,250000,-250000
Savaged,0,0,0
Dearest Jane,0,0,0
Soldier Girl,0,50000,-50000
Sarumba,0,0,0
Lunch Time Heroes,0,0,0
Dog Years,0,0,0
Devious Beings,0,0,0
The Moment,0,0,0
Legend of the Sea Wolf,0,0,0
Personal Vendetta,0,0,0
Quigley,0,0,0
Dam 999,0,0,0
Stolen Moments,0,0,0
Hood,0,0,0
The Avenging Hand,0,0,0
Prehistoric Women,0,0,0
Tarzan the Fearless,0,0,0
"Come on, Cowboys",0,0,0
The Veteran,0,0,0
Sodium Party,0,0,0
By Appointment Only,0,0,0
"It's Not You, It's Me",0,0,0
The Inner Circle,0,100000,-100000
Goliath and the Dragon,0,0,0
Life 101: Angel's Secret,0,0,0
Payback,0,0,0
Angels from Hell,0,0,0
Costa Chica: Confession of an Exorcist,0,1500000,-1500000
The Hideous Sun Demon,0,58500,-58500
Fatal Future,0,3000,-3000
Bulldog Courage,0,0,0
The Great Fight,0,0,0
Askari,0,0,0
Arachnoquake,0,0,0
Curse of the Dragon Slayer,0,0,0
Antibody,0,0,0
The RockTronix - Magnificent Obsession,0,0,0
A Christmas Wedding Tail,0,0,0
No One Will Know,0,0,0
Please Kill Mr. Know It All,0,0,0
Getting High,0,0,0
Reverb,0,0,0
Swing State,0,0,0
Aerial Gunner,0,0,0
Evils of the Night,0,0,0
My Heart of Darkness,0,0,0
Wildcat,0,0,0
Her First Romance,0,50000,-50000
Hard Time,0,0,0
Wretched Lives,0,0,0
Burned,0,0,0
The Apocalypse,0,0,0
The Last Gunslinger,0,700,-700
Android Apocalypse,0,1000000,-1000000
The Hidden Art of Islam,0,0,0
Fahim Anwar: There's No Business Like Show Business,0,0,0
Born to the Saddle,0,0,0
Web of the Spider,0,0,0
Thrill of the Kill,0,0,0
Dark Shade Creek 2,0,750,-750
Eye of the Beast,0,2000000,-2000000
"Anjar: Flowers, Goats and Heroes",0,0,0
Haunts,0,0,0
Pravarakyudu,0,0,0
Midnight Limited,0,0,0
Bad Meat,0,0,0
Murder Loves Killers Too,0,0,0
Frankenstein's Great Aunt Tillie,0,0,0
Dead on Appraisal,0,0,0
Dead Silent,0,0,0
The Paradise Trail,0,0,0
Zombie High,0,0,0
Ice Sharks,0,0,0
Onekotan: The Lost Island,0,0,0
Henge,0,0,0
Struggle Through Death,0,0,0
The Girls of Summer,0,0,0
Killing Mr. Right,0,0,0
Bad Karma,0,0,0
Down Among the Z Men,0,0,0
The Knife of Devil's Roaring and Soul Missing,0,0,0
Gunfighters of Abilene,0,0,0
Anna: Scream Queen Killer,0,0,0
San Andreas Quake,0,0,0
Men Without Jobs,0,0,0
Curse of the Nun,0,0,0
Nana's Secret Recipe,0,0,0
Dipso,0,0,0
Cheesecake Casserole,0,0,0
Dangerous Men,0,74,-74
Zen Man,0,0,0
Now We're Alive,0,0,0
Streets of Rage,0,0,0
Election Day,0,0,0
Bail Out,0,0,0
Cute With Bad Qualities,0,0,0
Scorpius Gigantus,0,210000,-210000
Beyond Acceptance,0,0,0
Storm in the Andes,0,0,0
Ghoulies IV,0,0,0
The Lady Forgets,0,0,0
The Field,0,0,0
"The Butterfly, the Harp and the Timepiece",0,0,0
Ouija House,0,0,0
Mary of Nazareth,0,0,0
Agent F.O.X.,0,0,0
The Prophet's Game,0,0,0
Song of Arizona,0,0,0
Silver Stallion,0,0,0
The Killing of Jacob Marr,15500,0,15500
Murder on Flight 502,0,0,0
Carnival of Blood,0,0,0
Border Phantom,0,0,0
Bill Cracks Down,0,0,0
"Doggie Tails, Vol. 1: Lucky's First Sleep-Over",105,100,5
Keith Lowell Jensen: Atheist Christmas,0,0,0
Allan Quatermain and the Temple of Skulls,0,50000,-50000
Danny and the Dinosaur... and More Friendly,0,0,0
2 Bedroom 1 Bath,0,0,0
Born to Fight,0,0,0
Battledogs,0,0,0
Desperate Cargo,0,0,0
Brand Irish,0,0,0
The World of Liberace,0,0,0
Balls to the Wall,0,0,0
Hard Time: The Premonition,0,0,0
Demons,0,0,0
Straight Shooter,0,0,0
Held For Ransom,0,0,0
Prepper,0,0,0
The Quarantine Hauntings,0,0,0
When the World Breaks,0,0,0
House with a Turret,0,0,0
Maneater,0,0,0
Del Shores: My Sordid Life,0,0,0
Space Mutiny,0,0,0
Ninja Apocalypse,0,0,0
Atomic Jihad: Ahmadinejad's Coming War for Islamic Revival and Obama's Politics,0,0,0
The Clown and the Kid,0,0,0
American Rap Stars,0,0,0
Key of Brown,0,0,0
Mr. Christmas,0,0,0
Age Of Kill,0,0,0
Men of the Plains,0,0,0
Girls in Chains,0,0,0
The Big Show-Off,0,0,0
In My Pocket,0,0,0
The House of Secrets,0,0,0
The Elf Who Didn't Believe,0,0,0
Loon,0,0,0
Alone in the Dark 2,0,4600000,-4600000
Mysteries of Angels and Demons,0,0,0
Wild Kratts: Creatures of the Deep Sea,0,0,0
Tenshin,0,0,0
Raising Flagg,0,0,0
5 Shells,0,0,0
First Winter,0,0,0
Ambush at Tomahawk Gap,0,0,0
Dehraadun Diary,0,0,0
Redhead,0,0,0
Where is Good?,0,0,0
Backstage at Budz House,0,0,0
Christmas in Hollywood,0,0,0
Disneyland Resort: Behind The Scenes,0,0,0
The High Schooler's Guide to College Parties,0,0,0
Guardian Angel,0,0,0
Brush with Danger,0,0,0
Tupac Shakur: Thug Immortal,0,0,0
6-Headed Shark Attack,0,0,0
Grindstone Road,0,0,0
Zis Boom Bah,0,0,0
My Gun Is Quick,0,0,0
Heart of Fear,0,0,0
Independents' Day,0,500000,-500000
Slow Burn,0,0,0
Bones of Contention,0,0,0
Kirpaan,0,0,0
Gor,0,0,0
Homeless for the Holidays,0,0,0
Day 6,0,1300000,-1300000
The Old Testament,0,0,0
Spirit Stalkers,0,10000,-10000
Angel of Reckoning,0,0,0
Cup Cake,0,0,0
Found in Time,0,0,0
Strange Fruit - The Beatles' Apple Records,0,0,0
Jasper Redd: Jazz Talk,0,0,0
Open Vacancy,0,0,0
El Quetzal de Jade,0,0,0
Ring Girls,0,0,0
Super Shark,0,0,0
American Bandits: Frank and Jesse James,0,0,0
Tupac Assassination: Battle For Compton,0,0,0
The Dead Don't Scream,0,68000,-68000
Soul of a Banquet,0,0,0
Let's Sing Again,0,0,0
The Blood Harvest,0,0,0
Sunday School Musical,0,0,0
The Great Battle of the Volga,0,0,0
Meteor Apocalypse,0,0,0
Alien Convergence,0,0,0
The Mystery of the Hooded Horsemen,0,0,0
Thanksgiving,0,0,0
GadgetGang in Outer Space,0,5000000,-5000000
Vampireland,0,0,0
Let the Balloon Go,0,0,0
What Lies Ahead,0,0,0
Polder,0,0,0
Magic Hour,0,0,0
Like There's No Tomorrow,0,0,0
Bush Pilot,0,0,0
Bigfoot vs. D.B. Cooper,0,1000000,-1000000
Uyghurs: Prisoners of the Absurd,0,0,0
Dead Frequency,0,0,0
It's Us,0,0,0
Captain Kidd and the Slave Girl,0,0,0
King of the Sierras,0,0,0
The Courageous Avenger,0,0,0
365 Nights in Hollywood,0,0,0
I'm That Kind of Woman,0,750000,-750000
Ninaitthathai Mudippavan,0,0,0
The Sensitives,0,0,0
Earthling,0,0,0
Raven,0,0,0
Counterplot,0,0,0
Beverly Hills Madam,0,0,0
The Big Chance,0,0,0
The Touchstone,0,0,0
The Buckskin Lady,0,0,0
13/13/13,0,0,0
Strings of Passion,0,0,0
Mr. Reckless,0,0,0
Bill Coors: The Will to Live,0,0,0
The Amityville Haunting,0,0,0
Nightmares,0,0,0
Ninjas vs. Vampires,0,15000,-15000
The Slashening,0,6,-6
Goobers!,0,0,0
"Incomplete: A Story of Love, Desire and Deception",0,0,0
Bounty Tracker,0,0,0
Mission Stardust,0,97000,-97000
God Don't Make the Laws,0,0,0
2103: The Deadly Wake,0,0,0
Sunset Cove,0,0,0
Red Balls,0,0,0
Ticket to Jerusalem,0,0,0
Gurozuka,0,0,0
The Four Dimensions of Greta,0,0,0
Operation Bottleneck,0,0,0
Ek Se Badhkar Ek,0,0,0
2033,0,5000000,-5000000
He's Such a Girl,0,0,0
Cartel War,0,0,0
A Man Called Sarge,0,0,0
Of the Land,0,0,0
Illegal Use of Joe Zopp,0,0,0
Higher Ground,0,0,0
Bricktown,0,0,0
Armless,0,0,0
Axe Giant - The Wrath of Paul Bunyan,0,0,0
Interwoven,0,0,0
The Republic of Rick,0,0,0
American Poltergeist,0,0,0
Ninja Fist of Fire,0,0,0
It Lives in the Attic,0,1000,-1000
The Badger Game,0,0,0
Krazzy Tabbar,0,0,0
Kal Ki Awaz,0,0,0
Voodoo Academy,0,55000,-55000
The Gatekeeper,0,0,0
Infernal Street,0,0,0
Jamie Kennedy: Unwashed,0,0,0
The Christmas Wife,0,0,0
It Watches,0,0,0
White Crack Bastard,0,50000,-50000
Desperate Cowboys,0,0,0
Sharks' Treasure,0,0,0
Purgatory Flats,0,0,0
Unakkenna Venum Sollu,0,0,0
Gladiator of Rome,0,0,0
Never Forget,0,0,0
Hyper Sonic,0,0,0
Prodigal,0,0,0
Guinevere,0,0,0
Her Tango,0,0,0
The Purifiers,0,0,0
The Invited,0,0,0
Raptor Ranch,0,0,0
Prisoners of the Lost Universe,0,0,0
Brian Gaar: Jokes I Wrote At Work,0,0,0
Slaughter Creek,0,0,0
Camel Spiders,0,500000,-500000
When the Drum Is Beating,0,0,0
Supervan,0,0,0
Don't Touch if You Ain't Prayed 2,0,0,0
Here's Flash Casey,0,0,0
Abomination: The Evilmaker II,0,0,0
Down to the Sea,0,0,0
Equal Impact,0,0,0
The Great Mike,0,0,0
Murder University,0,0,0
Rogues' Gallery,0,0,0
The 36 Deadly Styles,0,0,0
The Lackey,0,0,0
Chandu on the Magic Island,0,0,0
Young Fugitives,0,0,0
A Sniper's War,0,0,0
Deadly Presence,0,1600,-1600
Seven Doors to Death,0,0,0
Doorway to Suspicion,0,0,0
Nightstick,0,0,0
Prison Shadows,0,0,0
Mount Joy,0,0,0
Brothers of the West,0,0,0
Death Knows Your Name,0,0,0
Hatalyan (The Hangman),0,0,0
Community College,0,0,0
ICE Agent,0,150000,-150000
Guns Don't Argue,0,0,0
Blackenstein,0,0,0
Heroes of the Somme,0,0,0
The Books of John,0,20000,-20000
A Doggone Christmas,0,0,0
The Mysterious Stone Monuments of Markawasi Peru,0,0,0
Buttcrack,0,0,0
Great God Gold,0,0,0
My Life with Morrissey,0,0,0
American Sasquatch Hunters: Bigfoot in America,0,0,0
Hard Romanticker,0,0,0
Day of the Mummy,0,0,0
The Inside Man,0,0,0
Gallery of Horror,0,0,0
Voyage to the Prehistoric Planet,0,0,0
Interlaced,0,500,-500
He Who Finds a Wife,0,0,0
Roseanne Barr: Blonde and Bitchin',0,0,0
Dark Forces: Shadow People,0,1000000,-1000000
Nirvana: In Utero,0,0,0
Love in High Gear,0,0,0
Don Seenu,0,0,0
Trick or Treats,0,55000,-55000
The Mystery Man,0,0,0
Hearts of Humanity,0,0,0
Hollywood Flies,0,0,0
In 500 Words or Less,0,0,0
Scavengers,0,0,0
Cult,0,0,0
Dinner with the Alchemist,0,0,0
Voodoo Island,0,0,0
Phantom from Space,0,0,0
Cause Of Death,0,0,0
Empire of the Sharks,0,0,0
Verona,0,0,0
Rituals of Guilt,0,0,0
Sing Cowboy Sing,0,0,0
Marvin's Song,0,0,0
Witness to a Kill,0,4000000,-4000000
Hum Se Hai Zamana,0,0,0
Bury,0,0,0
The Old Corral,0,0,0
Man of Her Dreams,0,300000,-300000
Blackmail,0,0,0
Danger Street,0,0,0
Sundown Saunders,0,0,0
Armstrong,0,0,0
Heaven Is Waiting,0,0,0
Mama Heidi,0,0,0
New York Cop,0,0,0
Captured in Chinatown,0,0,0
The Devil's Messenger,0,0,0
The Shape of Things to Come,0,0,0
The Kid's Last Ride,0,0,0
"Monsters, Marriage and Murder in Manchvegas",0,0,0
Hirschen - Da machst was mit!,0,0,0
Neengal Kettavai,0,0,0
The Sad and Lonely Glow,0,0,0
Lili's Apron,0,0,0
Deadly Harvest,0,0,0
The Beast with a Million Eyes,0,23000,-23000
Mad Youth,0,0,0
Mr Joe B. Carvalho,0,0,0
The Freedom of Silence,0,0,0
Footsteps,0,16000,-16000
Point of Terror,0,0,0
"No Escape, No Return",0,0,0
Rishtey,0,0,0
Paralytic,0,0,0
Last Train Home,0,0,0
Texas to Bataan,0,0,0
Dead in France,0,0,0
Brand of the Devil,0,0,0
Man from Texas,0,0,0
In Remembrance of Martin,0,0,0
The Bell Witch Haunting,0,0,0
Shadow of Afghanistan,0,0,0
Guns And Guts,0,0,0
Expedition Sasquatch,0,0,0
Gays in Prison,0,0,0
Silent Sam,0,0,0
Darrell Hammond: Mayhem Explained,0,0,0
Volumes of Blood: Horror Stories,0,0,0
Easy Money,0,0,0
Snakeman,0,1000000,-1000000
Fatty Drives the Bus,0,0,0
Forty Years from Yesterday,0,0,0
Street Racer,0,0,0
Wanderers of the West,0,0,0
Age of Tomorrow,0,0,0
Happy Log,0,0,0
Stag Hunt,0,0,0
Finding Me: Truth,0,0,0
Guddu,0,280000,-280000
Center of the Web,0,0,0
The Good Book,0,0,0
Jacklight,0,0,0
Gifts from Strangers,0,30,-30
2BPerfectlyHonest,0,0,0
One Night in Vegas,0,250000,-250000
Don't Let the Riverbeast Get You!,0,0,0
Childless,0,1000000,-1000000
"Brother, Cry For Me",0,0,0
Hunt Angels,0,0,0
Gates of Hell 2: Dead Awakening,0,0,0
No Contest,0,0,0
White Rush,0,0,0
Find A Way,0,150,-150
Nakhuda,0,0,0
Four Windows,0,0,0
The Secret Cross,0,0,0
The Dope Game,0,0,0
Planet of the Sharks,6,5,1
Black Aura on an Angel,0,0,0
Slam-Bang,0,0,0
South Bronx Heroes,0,0,0
Cowboys in India,0,0,0
Death of a Snowman,0,0,0
Hit List,0,6000000,-6000000
King Kelly of the USA,0,0,0
Blonde for a Day,0,0,0
Down On The Farm,0,0,0
Murda Capital,0,0,0
The Arizona Kid,0,0,0
Elder Island,0,0,0
Dead Men Walk,0,0,0
Raptor,0,0,0
Barbershop Blues,0,0,0
Into The Lion's Den,0,75000,-75000
The Miracle Kid,0,0,0
On Each Side,0,0,0
Egypt by Three,0,0,0
Moving Targets,0,0,0
Blues,0,0,0
The Path of the Wind,0,0,0
Monte Carlo Nights,0,0,0
Time Barbarians,0,0,0
Peel: The Peru Project,0,0,0
The Law of 45's,0,0,0
Ghost Parade,0,0,0
Letter of Introduction,0,0,0
Poe,0,0,0
Sax Rohmer's Sumuru,0,0,0
Sheriff of Tombstone,0,0,0
The Quiet Arrangement,0,0,0
Top of the World,0,0,0
Beyond Evil,0,0,0
Journey to the Center of Time,0,0,0
Beyond the Call to Duty,0,0,0
Reg'lar Fellers,0,0,0
Wagah,0,0,0
La Ricetta,0,0,0
Snakehead Terror,0,0,0
Way of the Wicked,0,3000000,-3000000
Chain Link,0,0,0
Super Hero Party Clown,0,0,0
"Abraxas, Guardian of the Universe",0,0,0
Little Paradise,0,200000,-200000
Sk8 Life,0,0,0
The Feud of the Trail,0,0,0
I'd Give My Life,0,0,0
Zero Tolerance,0,0,0
Where the Road Runs Out,0,0,0
The Night of the Sharks,0,0,0
McCartney's Genes,0,0,0
Sure Looks Good,0,0,0
Blonde Comet,0,0,0
The Perfect Summer,0,0,0
Captain Calamity,0,0,0
Pandorica,0,0,0
Paramnesia,0,0,0
Wan Chai Baby,0,0,0
White Raven,0,0,0
Circle of Fury,0,0,0
It's Not Over,0,0,0
Doggie Boogie - Get Your Grrr On!,0,0,0
She Demons,0,0,0
Spiders 2: Breeding Ground,0,0,0
Riders of the Rockies,0,0,0
The Ganzfeld Haunting,0,0,0
Forrest Shaw: Poor Decisions,0,0,0
When I Find the Ocean,0,4000000,-4000000
Parwana,0,0,0
Afro Ninja,0,0,0
The Monkey Hustle,0,0,0
Anna's Eve,0,0,0
The Little Bird and the Leaf,0,0,0
Textuality,0,0,0
Venus & Vegas,0,0,0
Gangsters of the Frontier,0,0,0
Stress Position,0,0,0
Flexing with Monty,0,0,0
The Curse of the Komodo,0,0,0
Ishq Wala Love,0,0,0
Closer to Home,0,50,-50
Tom Arnold: Past & Present Imperfectly,0,0,0
I love my muslim,0,0,0
Kiss the Bride,0,0,0
The Violent Kind,0,0,0
Sleeping with the Fishes,0,0,0
The Suspect,0,0,0
The Wish Fish,0,0,0
Do You Like Broccoli Ice Cream? & More Kids Songs: Super Simple Songs,0,0,0
A Town Called Bastard,0,0,0
Suhagan,0,0,0
The Dalton Girls,0,0,0
The Elite,0,0,0
Getting Gotti,0,0,0
They Meet Again,0,0,0
Totem: The Return of the G'psgolox Pole,0,0,0
Scary or Die,0,0,0
Murder Capital of the World,0,0,0
The Livingston Gardener,0,0,0
Robin Hood of the Pecos,0,0,0
Dahleez,0,0,0
Sea Racketeers,0,0,0
Such Were Some Of You,0,0,0
Picture of Light,0,0,0
Tex Rides with the Boy Scouts,0,0,0
Jeremy's Egg,0,0,0
Deadman Apocalypse,0,0,0
Steve Hofstetter: Ginger Kid,0,0,0
True Love,0,0,0
I Don't Want to Be Born,0,0,0
Summer City,0,0,0
The Beast in the Cellar,0,0,0
Plague Town,0,0,0
The Loves of Hercules,0,0,0
Voodoo Rising,0,0,0
Paco,0,0,0
We're in the Legion Now,0,0,0
The Phantom Planet,0,0,0
Zombie Undead,0,0,0
You Will Kill,0,150000,-150000
Beyond the Rising Moon,0,0,0
Nightmare Wedding,0,0,0
Father Steps Out,0,0,0
Between Something & Nothing,0,0,0
The Sweeper,0,0,0
Scream of the Wolf,0,0,0
Check Your Body at the Door,0,0,0
Honor Thy Father,0,0,0
The Linda Vista Project,0,0,0
Convention Girl,0,0,0
The Awakened,0,0,0
The Frog Prince,0,0,0
The Maze,0,200,-200
Nobody,0,0,0
Templar Nation,0,0,0
Motherland,0,0,0
Mary Proud,0,0,0
The Pilgrimage Play,0,0,0
Rogue Strike,0,7000000,-7000000
Sagaptham,0,0,0
The Party Is Over,0,0,0
Self Medicated: A Film About Art,0,0,0
Flowerman,0,0,0
Room to Breathe,0,0,0
No Way Back,0,0,0
Invisible Enemy,0,0,0
Right to Believe,0,0,0
I Eat Your Skin,0,0,0
The Ghouls,0,9000,-9000
Crucible of Terror,0,0,0
Fly Me to Minami,0,0,0
Thunder in the City,0,0,0
Shark Killer,0,0,0
Noah's Ark,0,0,0
The Virgins,0,0,0
Inside the Law,0,0,0
Robot Revolution,0,0,0
Everyman's War,0,720000,-720000
Caryl of the Mountains,0,0,0
Invisible Mom,0,0,0
Theatre of Fear,0,0,0
Sox: A Family's Best Friend,0,0,0
Termination Point,0,0,0
Chonda Pierce: Girl Talk,0,0,0
Wrangler's Roost,0,0,0
High-Ballin',0,0,0
Merlin and the War of the Dragons,0,0,0
Green Collar Comedy Show,0,0,0
Private Snuffy Smith,0,0,0
Beware Of Ladies,0,0,0
Today I Hang,0,0,0
Ian Harris: ExtraOrdinary,0,0,0
I Am My Sister's Keeper,0,0,0
Bobby Slayton: Born to Be Bobby,0,0,0
A Haunting in Salem,0,0,0
The Hall Monitor,0,0,0
Spirit Lost,0,0,0
Dark Power,0,3000000,-3000000
Little Red Devil,0,1000000,-1000000
Epicenter,0,0,0
The Underdog,0,0,0
Chad Daniels: As Is,0,0,0
Serenity Farm,0,0,0
Coons! Night of the Bandits of the Night,0,5000,-5000
The Bystander Theory,0,0,0
Shaolin Tough Kid,0,0,0
The Unauthorised Biography of Johnny Cash,0,0,0
Going Down,0,0,0
"Jungledyret Hugo: Fræk, flabet og fri",0,0,0
Day of the Nightmare,0,0,0
Flight of Fury,0,12000000,-12000000
Atom Age Vampire,0,0,0
Puss in Boots,0,0,0
Aftershock,0,0,0
The Young Land,0,0,0
Honeymoon Limited,0,0,0
Blank Generation,0,0,0
Mysteria,0,0,0
Robot Wars,0,0,0
Jingles the Clown,0,150000,-150000
Mason of the Mounted,0,0,0
Cat Girl,0,0,0
Til Love Comes,0,0,0
Good Night,0,0,0
$elfie Shootout,0,0,0
Scathing,0,0,0
It's Rhys Darby Night!,0,0,0
Eunuch of the Western Palace,0,0,0
The Choppers,0,0,0
Invincible Obsessed Fighter,0,0,0
Buddies In India,0,0,0
The Adonis Factor,0,100,-100
Wasteland,0,0,0
Backslasher,0,0,0
Englewood: The Growing Pains in Chicago,0,0,0
Nam Angels,0,0,0
The Fury of the Wolf Man,0,0,0
The Invisible Men,0,0,0
Hayride,0,60000,-60000
Aladdin and the Adventure of All Time,0,0,0
The Cat In The Hat Knows A Lot About Space!,0,0,0
The Road to Hollywood,0,0,0
The Unfolding,0,0,0
Operation Christmas List,0,0,0
Replikator,0,0,0
Exhumed,0,0,0
Heaven Before I Die,0,0,0
Tsunambee,0,0,0
Six Reasons Why,0,0,0
The Eleventh Commandment,0,0,0
"Ready, Willing & Able",0,0,0
Booster,0,0,0
Women of Devil's Island,0,0,0
Bunnyman Vengeance,0,0,0
CyberTracker,0,0,0
William and Kate: A First Anniversary Celebration,0,0,0
You Can't Kill Stephen King,0,0,0
Broken Mile,0,0,0
Diamond Trail,0,0,0
The Hanged Man,0,0,0
After the Wizard,0,0,0
Seven Deadly Words,0,0,0
Blood Reunion,0,0,0
Church: The Movie,0,0,0
Imprisoned By Love,0,0,0
The Beast of the Yellow Night,0,0,0
Bunker of the Dead,525000,10000,515000
Invasion Of The Animal People,0,0,0
Down 'n Dirty,0,0,0
Dixie Jamboree,0,0,0
The Kennedy Curse: An Unauthorized Story on the Kennedys,0,0,0
The Griddle House,0,0,0
Melanie Comarcho: Hello!,0,0,0
"Alien Paranormal: Bigfoot, UFO's and the Men in Black",0,0,0
Atomic Rulers,0,0,0
Dennis Miller: The Raw Feed,0,0,0
The Movie Out Here,0,0,0
Puss in Boots: A Furry Tail,0,0,0
"God, Sex & Apple Pie",0,0,0
The Hookers,0,0,0
"Hollywood Heaven: Tragic Lives, Tragic Deaths",0,0,0
Story of Eva,0,0,0
Tommy and the Cool Mule,0,0,0
No Boundaries,0,0,0
Rita Rudner and 3 Potential Ex-Husbands,0,0,0
Ghosts on the Loose,0,0,0
Uncommon Law,0,0,0
La Paz,0,0,0
The Gene Doctors,0,0,0
Lancelot and Guinevere,0,0,0
Gunsight Ridge,0,0,0
Hard Ride to Hell,0,0,0
Hit & Stay,14400000,2000000,12400000
"30,000 Leagues Under The Sea",0,500000,-500000
Where Birds Don't Fly,0,5000,-5000
Not Scared to Die,0,0,0
Hellweek,0,0,0
Son of Ingagi,0,0,0
The Back-up Bride,0,0,0
The Devil Plays,0,0,0
WE: A Collection of Individuals,0,0,0
The 9/11 Commission Report,0,0,0
Space Monster DEMEKING,0,0,0
Silent Retreat,0,0,0
Lost in the Stratosphere,0,0,0
Confess,0,0,0
Prescient,0,0,0
Cage Fight,0,0,0
Wallaby Jim of the Islands,0,0,0
The President's Mistress,0,0,0
Porches and Private Eyes,0,0,0
What Is New Thought?,0,0,0
Warriors of the Sacred Temple,0,0,0
Outrighteous,0,0,0
Freerunner,0,5000000,-5000000
Fangs of the Wild,0,0,0
Interplanetary,0,0,0
4 Dead Girls: The Soul Taker,0,0,0
Disconnect. Reconnect,0,0,0
No Tell Motel,0,3000000,-3000000
Running For Jim,0,0,0
The Good Shepherd,0,0,0
Mulberry Stains,0,0,0
Murder with Music,0,0,0
Hypothermia,0,0,0
Alien Predator,0,0,0
Adventures of a Teenage Dragonslayer,0,3250000,-3250000
Mutantis,0,0,0
Eternal Evil,0,0,0
Dead 7,0,0,0
A Swingin' Summer,0,0,0
Moonfire,0,0,0
Heart of Stone,0,0,0
Unhallowed Ground,0,0,0
Her Cry: La Llorona Investigation,0,0,0
Ex$pendable,0,0,0
Lazarus: Apocalypse,0,0,0
Naanna Nenu Naa Boyfriends,0,0,0
The Cradle,0,0,0
Vampiro,0,0,0
Drums in the Deep South,0,0,0
The Touch of the Master's Hand,0,0,0
The Wild Women of Wongo,0,0,0
"Guru, the Mad Monk",0,0,0
The Big Wheel,0,0,0
Shadow Run,0,0,0
Season Of A Lifetime,0,0,0
Youth on Parade,0,0,0
One By One,0,5000,-5000
Please Be Normal,0,0,0
Testa di sbarco per otto implacabili,0,0,0
Kush,0,210000,-210000
Fatal Conflict,0,0,0
Hit Parade,0,0,0
Vellipomakey,0,0,0
The Crawling Hand,0,100000,-100000
Thru: The Hereafter Remains Unknown,0,0,0
The Fighting Deputy,0,0,0
Heer & Hero,0,0,0
The Cholesterol Question,0,0,0
Between Heaven and Ground Zero,0,0,0
Too Sane for This World,0,0,0
Those Three,0,0,0
The Real Death Star,0,0,0
Don't Touch If You Ain't Prayed,0,0,0
Living & Dying,7864905,10000000,-2135095
The October Flowers,0,0,0
Checkmate,0,0,0
UKM: The Ultimate Killing Machine,0,0,0
Fist 2 Fist,0,0,0
Hell Is Full,0,50000,-50000
Five-O,0,0,0
Drinking Games,0,0,0
Bottom Feeder,0,0,0
The Windsplitter,0,0,0
R&B Chick,9582732,8500000,1082732
Wagonmasters,0,0,0
The Surge: The Whole Story,0,0,0
Loni Love: America's Sister,0,0,0
Hell Mountain,0,0,0
Raiders of Sunset Pass,0,0,0
2012: Supernova,0,0,0
"One Down, Two to Go",0,0,0
Ransom Money,0,0,0
Occult Angel,0,25000,-25000
Nick Cannon Mr. Showbiz,0,0,0
Fighting Caravans,0,0,0
Big Time Or Bust,0,0,0
Lazy Lama,0,0,0
Killer Elephants,0,0,0
Uuf Kya Jadoo Mohobbat Hai,0,0,0
Demented Death Farm Massacre,0,0,0
Dark Space,0,750000,-750000
Law of the Timber,0,0,0
Kate: The Making of a Modern Queen,0,0,0
In Search of the Titanic,0,4245800,-4245800
Sid the Science Kid: The Movie,0,0,0
Traitor's Heart,0,2000000,-2000000
Western Gold,0,0,0
Hot Tamales Live,0,0,0
Secret Valley,0,0,0
Jeff Garcia: The Ten Dollar Ticket,0,0,0
He Is My Brother,0,0,0
Pleasure,0,0,0
Hell of Borneo,0,0,0
Jury of Our Peers,0,750,-750
General Stone,0,0,0
The Unseen Best Of The Booth Brothers Films,0,0,0
Scream Park,0,3,-3
Lizard Man,0,0,0
Douglas Fairbanks: The Great Swashbuckler,0,0,0
They Never Come Back,0,0,0
Get the Girl,0,265000,-265000
Paparazzi Princess: The Paris Hilton Story,0,0,0
Alien Crash at Roswell: The UFO Truth Lost in Time,0,0,0
Mulva 2: Kill Teen Ape!,0,500,-500
Montana Amazon,0,0,0
deadend.com,0,0,0
Deep in the Darkness,0,0,0
Slip,0,0,0
The Million Eyes of Sumuru,0,0,0
Running Red,0,0,0
Brando Unauthorized,0,0,0
Different Drum,0,0,0
Unlisted Owner,0,0,0
Eegah,3274,15000,-11726
Madigan's Millions,0,0,0
The Manipulator,0,0,0
Jurassic Shark,0,0,0
Nero's Golden House,0,0,0
When the Lights Go On Again,0,0,0
A.I. Assault,0,0,0
Patient Killer,0,2500000,-2500000
Iron Thunder,0,0,0
HeartChild,0,0,0
Zombie Nightmare,0,180000,-180000
American Horror House,0,0,0
"Ride 'em, Cowgirl",0,0,0
Broken Trust,0,0,0
Eye of the Eagle,0,0,0
To Hell with a Bullet,0,0,0
Dracula 3000,0,10000,-10000
Hijack,0,0,0
The Deadly Strands,0,0,0
Ram Ratan,0,0,0
Disorder,0,0,0
Cyxork 7,0,0,0
Raised by Wolves,0,0,0
The Frost,0,0,0
King of the Lost World,0,0,0
The Monster Walks,0,0,0
Up and Down,0,0,0
Entry Level,0,0,0
Big Baby,0,0,0
Field Freak,0,0,0
Lacchimdeviki O Lekkundi,0,0,0
Gathering of Heroes: Legend of the Seven Swords,0,0,0
The Landlord,0,0,0
Rhapsody,850225,0,850225
Princess of Mars,0,0,0
The Yank,0,0,0
The Getaway,577641,0,577641
Assumed Killer,0,0,0
Stalker,0,0,0
The Gate: Dawn of the Bahá’í Faith,0,0,0
UnDivided,0,0,0
Uphill Battle,0,0,0
Beau Revel,0,0,0
Dead Shadows,0,0,0
The Last Sect,0,0,0
Minesweeper,0,0,0
Devil's Racecourse,0,0,0
Drone,0,0,0
Showdown at Area 51,0,0,0
Summertime Christmas,0,0,0
The Forgotten Bomb,0,0,0
Blood of Dracula,0,0,0
Christmas Spirit,0,1000000,-1000000
The Scratch,0,0,0
Secret Of Shaolin Kung Fu,0,0,0
The Occupants,0,0,0
Fast Zombies with Guns,0,0,0
Bruce Lee Fights Back from the Grave,0,0,0
Dead in the Water,0,35000,-35000
Hav Faith,0,200000,-200000
The Demonic Tapes,0,0,0
Missed Connections,0,0,0
Airplane vs Volcano,0,0,0
Prime of Your Life,0,0,0
Dragon Fighter,0,0,0
Bloody Bloody Bible Camp,0,0,0
Point 453,0,0,0
Romans Road,0,0,0
Sherlock Holmes and the Sign of Four,0,0,0
Moola,0,0,0
Blood Myth,0,0,0
Swarm of the Snakehead,0,0,0
Reckless Decision,0,0,0
Panzer Chocolate,0,0,0
Double Crossed,0,0,0
The Curse of Robert the Doll,0,0,0
Infected,0,2100000,-2100000
Double Tap,0,0,0
The West Wittering Affair,0,0,0
Watch Phoenix Rise,0,100000,-100000
The Fat Spy,0,0,0
Colorado Kid,0,0,0
How 2 Build A Rapper,0,0,0
Chained for Life,0,0,0
Cold Blood Canyon,0,1750000,-1750000
Let There Be Zombies,0,0,0
Deadly Target,0,0,0
The Passions of Howard Hughes,0,0,0
Beyond Bengal,0,0,0
Indian Comedy Tour,0,0,0
Drive-In Movie Memories,0,225000,-225000
Wrath of the Crows,0,500000,-500000
The Good Wifey,0,0,0
Fortune Cookie Prophecies,0,0,0
Cowboys & Indians,174822325,163000000,11822325
Army of Frankensteins,0,0,0
King Solomon's Treasure,0,0,0
Too Saved,0,0,0
Loose Shoes,0,0,0
Fashion Model,0,0,0
Skeleton Crew,0,1000000,-1000000
Chat,0,0,0
Desert Commandos,0,0,0
Destination Vegas,0,0,0
Chamku,0,0,0
The Terror Factor,0,0,0
"Die Sister, Die!",0,0,0
Mama/M.A.M.A.,0,0,0
"Young, High and Dead",0,10000000,-10000000
HazMat,0,0,0
James Mullinger: Anything Is Possible,0,0,0
Lost Time,0,0,0
The Last Ridge: The 10th Mountain Division,0,0,0
Dance Or Die,0,0,0
Sing Sing Nights,0,0,0
God Send Me A Man,0,0,0
Assignment: Outer Space,0,0,0
Targeting,0,0,0
Immune,0,0,0
Hercules and the Masked Rider,0,0,0
Stefano Formaggio,0,60000,-60000
American Bully,0,1000000,-1000000
El alazán y el rosillo,0,0,0
Journey To Paradise,0,0,0
The Carson City Kid,0,0,0
Shriek of the Mutilated,0,0,0
From the Shadows,0,0,0
The Ramparts We Watch,0,0,0
Christmas Apparition,0,1000000,-1000000
Frozen Alive,0,0,0
Natural Vice,0,0,0
Dire Wolf,0,0,0
Last Stop,1672292,4700002,-3027710
Holy Hustler,0,0,0
America's Alien Invasion: The Lost UFO Encounters,0,0,0
DocoBANKSY,0,0,0
Sinking Sand,0,0,0
Belle of the Yukon,0,0,0
Maniac On The Loose,0,5000,-5000
Home in Oklahoma,0,0,0
Death by Invitation,0,0,0
Deadly Renovations,0,0,0
Molly and Lawless John,0,0,0
Honey Glaze,0,0,0
Treacherous,0,0,0
Counter Measures,0,1500000,-1500000
Sunday School,0,0,0
Steve Trevino: Grandpa Joe's Son,0,0,0
Dog Jack,0,0,0
Love Won't Let Me Wait,0,0,0
The Cosmonaut Cover-Up,0,0,0
The Mutilation Man,0,0,0
Shadows on the Stairs,0,0,0
The Singing Cowgirl,0,0,0
To Love The Soul Of A Woman,0,0,0
Carl Jackson's The Jesus Freak,0,4000000,-4000000
The Festival Girls,0,0,0
Honor and Glory,0,0,0
Misfortune,0,0,0
The Irish Gringo,0,0,0
She Wolf Rising,0,400000,-400000
Pro Wrestlers vs Zombies,0,230000,-230000
Goldberg - P.I.,0,0,0
Bending Colours,0,0,0
Merchant of Death,0,0,0
Budz House,0,0,0
Love the One You're With,0,0,0
How to Go Out on a Date in Queens,0,0,0
Born & Raised,0,0,0
Alien Tornado,0,0,0
Loser's End,0,0,0
The Mystical Laws,0,0,0
Age of Ice,0,0,0
Out for Blood,0,0,0
Unseen Evil,0,0,0
Secure The Bag,0,0,0
Octopus 2: River of Fear,0,0,0
Free Energy - The Race to Zero Point,0,0,0
Key,0,25000,-25000
Port of Hate,0,0,0
The Final Comedown,0,0,0
Code Name: Zebra,0,0,0
Hollywood Cop,0,0,0
Angels Hard as They Come,0,0,0
Looking for Palladin,0,0,0
Finding Noah,0,0,0
The Culling,0,0,0
Zombie Island Massacre,0,0,0
Spotlight Scandals,0,0,0
Mega Shark vs. Mecha Shark,0,0,0
Assault of the Sasquatch,0,0,0
Monday at 11:01 A.M.,0,0,0
The Inspectors,0,0,0
Watch Over Us,0,0,0
Car's Life 3: The Royal Heist,0,0,0
Headless Horseman,0,0,0
Shred: The Story of Asher Bradshaw,0,0,0
The Stalker Club,0,1000000,-1000000
Television: The First 50 Years,0,0,0
Spirit Hunters,0,0,0
The Last Riders,0,0,0
In the Money,0,0,0
Long Distance Princess,0,0,0
Thunder in Carolina,0,0,0
Octaman,0,250000,-250000
The Mummy Resurrected,0,0,0
Black Fist,0,0,0
The Thing Below,0,1500000,-1500000
Komodo vs. Cobra,0,450000,-450000
The Locksmith,0,0,0
If Looks Could Kill,0,0,0
Identical,0,2000000,-2000000
The Stall,0,0,0
Ecuador: The Royal Tour,0,0,0
Lure of the Islands,0,0,0
The System Within,0,500000,-500000
Paranormal Ghost Hauntings at the Turn of the Century,0,0,0
Ferocious,0,0,0
The Milpitas Monster,0,11000,-11000
Shackled,0,0,0
Retrograde,0,2000000,-2000000
A Talking Pony!?!,0,1000000,-1000000
Storm Seekers,0,3400000,-3400000
Burning Man and the Meaning of Life,0,0,0
Deep Shock,0,0,0
Piper Penguin and His Fantastic Flying Machines,0,100000,-100000
Day of the Dead 2: Contagium,0,9000000,-9000000
The Flanagan Boy,0,0,0
Night of the Wild,0,0,0
Preacherman,0,0,0
Eternal Damn Nation,0,0,0
The Film Peddler,0,8000,-8000
Carried Away,0,0,0
His Private Secretary,0,0,0
Deadwood Park,0,0,0
Beautiful People,0,0,0
Underneath,0,10000,-10000
And They're Off,0,0,0
Blackbelt II: Fatal Force,0,0,0
Mayflower!,0,0,0
Dead End Road,0,100000,-100000
The Return of Casey Jones,0,0,0
Darkening Sky,0,0,0
The Ghost Club: Spirits Never Die,0,0,0
Emulation,0,0,0
Firehouse,0,0,0
Torn Apart,0,0,0
The Wackiest Wagon Train In The West,0,0,0
Streetball,0,0,0
God's Club,0,0,0
Final Draft,0,0,0
Message of Hope,0,0,0
Shark Lake,0,2000000,-2000000
King Arthur and the Knights of the Round Table,0,300000,-300000
Glenn Wool: You Don't Go to Hell for Eating Elephants,0,0,0
Cry of the Innocent,0,0,0
Play Dead,0,0,0
Prank,0,0,0
Hangfire,0,0,0
The Bible Belt Slasher,0,0,0
Target of Opportunity,0,0,0
Becoming Barack,0,300,-300
Elvis Found Alive,0,0,0
El moro de Cumpas,0,0,0
The Red Tail,0,0,0
Death Valley: The Revenge of Bloody Bill,0,750000,-750000
Cataclysm,0,0,0
Fever Lake,0,0,0
Bulldog Drummond Escapes,0,0,0
The Fix It Boys,0,0,0
Jaws of Justice,0,0,0
The Limit,0,0,0
Captain Z & the Terror of Leviathan,0,15000,-15000
Virus Undead,0,0,0
Sinbad and the War of the Furies,0,0,0
Brain of Blood,0,0,0
Ozone,0,0,0
Showdown In Manila,0,0,0
The Racketeer,0,0,0
Walk By Faith,0,0,0
1313: UFO Invasion,0,0,0
Jezebeth,0,0,0
Zombiegeddon,0,0,0
Smart Alecks,0,0,0
Hellbride,0,0,0
The Invoking 2,0,0,0
Blood Widow,0,0,0
Northeast,0,0,0
People from Space,0,0,0
Seventy Times Seven,0,250000,-250000
Afghan Knights,0,0,0
Up the Front,0,0,0
Family of Cops II - Breach of Faith,0,0,0
The Fairy King Of Ar,0,0,0
Army of the Dead,0,1500000,-1500000
Arachnia,0,0,0
Out of Line,0,0,0
The Frightening,0,0,0
Wound,0,0,0
Experiment,0,0,0
Subtle Seduction,0,0,0
Fighting to Live,0,0,0
Hellacious Acres: The Case of John Glass,0,0,0
A Darker Reality,0,0,0
Why She Cries,0,0,0
Nightmare Weekend,0,0,0
Mr. Imperium,0,0,0
Lost in Religion: Welcher Glaube für mein Kind,0,0,0
UFO Chronicles: Cosmic Watergate,0,0,0
Shelter County,0,500,-500
Hunted by Night,0,0,0
Hooked Up,0,0,0
The Vatican Museums,0,0,0
Zombex,0,0,0
Game of Aces,0,0,0
One Man's Treasure,0,85,-85
SIster,3200000,125000,3075000
Burn it Up Djassa,0,0,0
Night Fright,0,18000,-18000
The Fabulous Dorseys,0,0,0
Venezuela: Revolution from the Inside Out,0,0,0
Private Buckaroo,0,0,0
FB: Fighting Beat,0,0,0
Miraculous Messages,0,0,0
Dedd Brothers,0,0,0
Corregidor,0,0,0
"Surprise, Surprise!!!",0,0,0
Underground President,0,0,0
Beverly Hills Christmas,0,0,0
The Invoking,0,0,0
The Brussels Business,0,0,0
Ghost Attack on Sutton Street: Poltergeists and Paranormal Entities,0,0,0
Zombie Cop,0,0,0
Demon of Paradise,0,0,0
Natalie's Rose,0,0,0
Attack of the Gryphon,0,0,0
Vannin',0,0,0
The Curse of the Black Dahlia,0,200000,-200000
Devaraya,0,0,0
Strike Force,0,0,0
American Justice,0,0,0
The Poltergeist of Borley Forest,0,0,0
Crazy Six,0,0,0
At All Cost,0,0,0
Death of Evil,0,1000000,-1000000
Merlin's Shop of Mystical Wonders,0,0,0
Tunnel Vision,0,0,0
Labyrinth Within,0,0,0
Your American Teen,0,0,0
Dennis the Menace: Cruise Control,0,0,0
Apocalypse Kiss,0,0,0
The Love Story of Leonard Knight,0,0,0
Dragon Hunter,0,0,0
Guided by the Word,0,0,0
Stunts,0,0,0
River People,0,0,0
Tough Kid,0,0,0
G-Men from Hell,0,0,0
Demon Hunter,0,0,0
La muerte de Pancho Villa,0,0,0
Lethal Target,0,0,0
Covert Action,0,0,0
Zombie Dawn,0,0,0
Treasure Raiders,0,0,0
Serndhu Polama,0,0,0
The One Warrior,0,0,0
Axed,0,0,0
Bwana Devil,0,0,0
The Killing Mind,0,0,0
Other Voices,0,800000,-800000
Screwball: The Ted Whitfield Story,0,0,0
Immortal Kiss: Queen of the Night,0,1000000,-1000000
Evan Straw,0,0,0
Invasion of the Blood Farmers,0,0,0
Beyond Justice,0,0,0
Scream at the Devil,0,0,0
Creature of Destruction,0,0,0
Living Dead Lock Up,0,0,0
The Astounding She-Monster,0,0,0
A Reckoning,0,0,0
Iranium,0,0,0
Nayagi,0,0,0
Dragonquest,0,0,0
Mr. Art Critic,0,0,0
Knightmare,0,0,0
Dartmoor Killing,0,0,0
Shred,0,0,0
The Lost Treasure of Sawtooth Island,0,0,0
666: The Beast,0,75,-75
Justin Bieber: Always Believing,0,0,0
Wild Weed,0,0,0
Project: Kill,0,0,0
American Jihadist,0,0,0
Diamond Ruff,0,0,0
The White Gorilla,0,0,0
Vatos Locos 2,0,0,0
Western World,0,255000,-255000
Riddle Ranch,0,0,0
The Capture of Bigfoot,0,0,0
Buddy Hutchins,0,1200000,-1200000
Balancing the Books,0,0,0
The Adventures of Charlotte and Henry,0,0,0
Angel of Death,0,0,0
Swamp Zombies!!!,0,12000,-12000
Anatomy of a Psycho,0,0,0
Lost & Turnt Out,45431,2000000,-1954569
Doctor Blood's Coffin,0,0,0
Grandpa's Psycho,0,0,0
Travis Pastrana's Baja Diaries,0,100,-100
Minginui,0,0,0
Found Alive,0,0,0
Crash of Moons,0,0,0
Power of Attorney,2800000,1500000,1300000
Blubberella,0,0,0
The Current: Explore the Healing Powers of the Ocean,0,0,0
The Naked Monster,0,350000,-350000
Juncture,0,0,0
Armed for Action,0,0,0
Edison & Leo,4165675,25000000,-20834325
On Probation,0,0,0
Lipstick Camera,0,0,0
Blast Vegas,0,0,0
Pink Heat,0,0,0
The Life Zone,0,0,0
Final Impact,0,0,0
Hard Time: Hostage Hotel,0,0,0
Buskers; For Love or Money,0,0,0
Apocalypse Pompeii,0,0,0
Wuthering High,0,0,0
Loose Screws,0,10000,-10000
Death Machines,0,0,0
The Assault,0,0,0
Black Saturday,0,25000,-25000
Insight of Evil,0,0,0
A Crack in the Floor,0,0,0
Fathers,0,0,0
Battle of Blood Island,0,0,0
The Hired Killer,0,0,0
October Moon 2: November Son,0,0,0
Mesa of Lost Women,0,0,0
Bram Stoker's Legend of the Mummy,0,2000000,-2000000
Venus Obscura,0,0,0
Ulysses Against the Son of Hercules,0,0,0
Truckin' Man,0,0,0
Monstrosity,0,0,0
Rule of Three,0,500000,-500000
Glass Trap,0,475000,-475000
The Ape Man,0,0,0
Wushu Warrior,0,0,0
Crazy Enough,0,0,0
Let 'em Have It,0,0,0
Shira: The Vampire Samurai,0,0,0
Revolt of the Zombies,0,0,0
If Not for His Grace,0,0,0
Caught Between the Two,0,10000,-10000
Tony Roberts: I'm Different,0,0,0
Two-Bit Waltz,0,0,0
Menace from Outer Space,0,0,0
Igor and the Lunatics,0,0,0
Teenage Zombies,0,0,0
UFO Chronicles: What the President Doesn't Know,0,0,0
Bob Dylan Revealed,0,0,0
Test Tube Babies,0,0,0
The Zombinator,0,0,0
Black Cobra II,0,0,0
Isle of Dogs,0,0,0
Raspberry Magic,0,0,0
Pastor Jones: Samuel and Delia,0,0,0
InAlienable,0,1500000,-1500000
Bodies,0,0,0
Interception,0,0,0
Once Upon a Summer,0,0,0
Submarines,0,0,0
Assault of the Party Nerds,0,0,0
Falsely Accused,0,0,0
Great Gain,0,0,0
Death Journey,0,0,0
Fixation,0,10000,-10000
Deceptions of Love,0,0,0
UFO Chronicles: You Can't Handle the Truth,0,0,0
The Boy with the Sun in His Eyes,0,0,0
The 70% Club,0,0,0
The Foursome,0,0,0
UFO: Target Earth,0,75000,-75000
Time Lapse,0,0,0
Corsair,0,0,0
Rapid Exchange,0,0,0
The Visitant,0,0,0
Grave Secrets,0,0,0
Crashin' Broadway,0,0,0
Storm Catcher,0,0,0
Slammed!,0,0,0
Sinkhole,0,0,0
Bounty Hunters,0,0,0
Lady Ice,0,0,0
Hansel Vs. Gretel,0,0,0
Horrors of War,0,0,0
Border Blues,0,0,0
Zombie Apocalypse: Redemption,0,0,0
I Got Five on It Too,0,0,0
Fish Without a Bicycle,0,0,0
The Pay-Off,0,0,0
Hawaiian Rainbow,0,0,0
The Painted Hills,0,0,0
Son of Morning,0,0,0
U.S. Seals,0,0,0
Memorial Day,0,0,0
Something Beneath,0,0,0
King of the Game,0,0,0
SuicideGirls Must Die!,0,0,0
Junior Senior,0,0,0
The Best Thing!,0,100000,-100000
Tarzan and the Trappers,0,0,0
Carnivore,0,0,0
Tactical,0,0,0
The Missouri Traveler,0,0,0
Kingdom of the Vampire,0,2500,-2500
Broken Lullaby,0,0,0
Universal Squadrons,0,3000000,-3000000
Dawn of the Mummy,0,500000,-500000
Miss B's Hair Salon,0,0,0
Dark Descent,0,0,0
Red Rose of Normandy,0,0,0
Anne Perry: Interiors,0,0,0
Blood Descendants,0,0,0
Ghost Image,0,0,0
Ridge War Z,0,0,0
Rising Fear,0,0,0
Prey for the Beast,0,0,0
Mission Accomplished: Langan in Iraq,0,0,0
The Zombie King,0,0,0
The 7 Adventures of Sinbad,0,0,0
Blood Type: Unknown,0,0,0
Interstate,0,0,0
Possible Lives,0,0,0
Sisters of Death,0,0,0
Married Men and Single Women,0,0,0
Nobody Gets Out Alive,0,0,0
Camera Phone,0,10000,-10000
Model Behaviour,0,0,0
Dracula: Reborn,0,0,0
Days of Jesse James,0,0,0
Skinned Alive,0,0,0
Subterano,0,0,0
My Bloody Wedding,0,0,0
Jurassic Attack,0,0,0
Ouija Seance: The Final Game,0,0,0
The Terminators,0,0,0
Barrio Tales,0,0,0
The Coven,0,0,0
Common Outlaws,0,0,0
Rulers of Darkness,0,0,0
Renfield the Undead,0,170000,-170000
Hybrid World: The Plan to Modify and Control the Human Race,0,0,0
Bela Kiss: Prologue,0,0,0
Queens of Heart: Community Therapists in Drag,0,0,0
Alien Siege,0,0,0
Unseen Evil 2,0,0,0
Sinister Squad,0,0,0
Mississippi Shakedown,0,0,0
"Veritas, Prince of Truth",0,5000000,-5000000
Elf-Man,0,0,0
Horrors of Spider Island,0,0,0
Skeleton Man,0,0,0
City Boy,0,0,0
Diamond Dawgs,0,2000000,-2000000
Grim Reaper,0,0,0
Texas Road,0,0,0
Punk Vacation,0,0,0
Crimson Winter,0,0,0
Incident on a Dark Street,0,0,0
Last Will,0,0,0
XII,0,0,0
Rap Sheet: Hip-Hop and the Cops,0,0,0
Flesh,0,0,0
Pup 2 No Good,0,0,0
Just a Measure of Faith,0,0,0
Kill Cruise,0,0,0
Varsity Blood,0,0,0
Johnny Mysto: Boy Wizard,0,0,0
The Governor's Wife,0,0,0
The Beast of Yucca Flats,0,0,0
Nessie & Me,0,750000,-750000
Mandy the Haunted Doll,0,314701,-314701
Acrylic,0,0,0
Deaden,0,0,0
The Warp,0,0,0
Dream House Nightmare,0,0,0
Bunker: Project 12,0,0,0
The Far Side of Jericho,0,0,0
B-Girl,0,0,0
Tale of Two Sisters,0,0,0
Super Cyclone,0,200000,-200000
Hydra,0,700000,-700000
In the Name of Ben-Hur,0,0,0
Hopelessly in June,0,0,0
Another Soul,0,0,0
Operation Kid Brother,0,0,0
Creep Van,0,0,0
Curse of the Forty-Niner,0,0,0
The Da Vinci Treasure,0,850,-850
Elf Bowling the Movie,0,6500000,-6500000
Bells of San Angelo,0,0,0
Giants of Rome,0,0,0
Captain Scarlett,0,0,0
The Sharkfighters,0,0,0
Loving Evangeline,0,0,0
Sheeba - Die dunkelste Seite der Macht,0,0,0
Outcall,0,0,0
Ministry of Vengeance,0,0,0
Guilty by Association,0,0,0
Totally Confused,0,0,0
Storming Attacks,0,0,0
Round Trip to Heaven,0,0,0
The Lost Village,197183546,60000000,137183546
Carl,0,0,0
The Shrunken City,0,0,0
Two-Minute Heist,0,0,0
The Magic of Heineken,0,0,0
Trojan Eddie,0,0,0
The Chaos Factor,0,0,0
Drona,3250000,15000000,-11750000
Chasing Butterflies,0,0,0
Monster,0,0,0
Europe's Roswell: UFO Crash in Abersytwyth,0,0,0
Dragon Crusaders,0,0,0
Voodoo Possession,0,0,0
Camp Blood 4,0,0,0
The Owls,0,0,0
Shakedown,0,0,0
Orcs!,0,150000,-150000
The Snow Creature,0,0,0
1313: Giant Killer Bees!,0,0,0
Bruce Lee in New Guinea,0,0,0
You Don't Need Feet to Dance,0,0,0
Dark Breed,0,0,0
The Thirsty Dead,0,0,0
Bloodbath in Psycho Town,0,0,0
My Outlaw Brother,0,0,0
Universal Soldiers,0,0,0
Midnight Chronicles,0,0,0
Heldorado,0,0,0
He Who Dares,0,1000000,-1000000
Kill Kane,0,0,0
Fury of the Fist and the Golden Fleece,0,0,0
Hangman's Game,0,0,0
Among Dead Men,0,0,0
Hercules Against the Moon Men,0,0,0
Decisions,0,0,0
Battlespace,0,0,0
Hold Your Breath,0,0,0
The Happy Hooker Goes to Washington,0,0,0
Hoosier Schoolboy,0,0,0
Lawless Range,0,0,0
Huff,0,0,0
The Rats of Tobruk,0,0,0
Death by Engagement,0,0,0
Pact with the Devil,0,0,0
Hellbinders,0,0,0
The Alien Dead,0,0,0
Kong: King of Atlantis,0,0,0
Black Ice,0,0,0
Dead Girls,0,0,0
Becoming Redwood,0,0,0
Cell Count,0,0,0
The Mad Monster,0,0,0
International Crime,0,0,0
The Breakup Artist,0,0,0
Vampire In Vegas,0,0,0
Mob Sister,0,0,0
Dot.Kill,0,0,0
Self Storage,0,1000000,-1000000
UFO Chronicles: Alien Science and Spirituality,0,0,0
Ghosts Don't Exist,0,250000,-250000
Forced To Fight,0,0,0
Kid Vengeance,0,0,0
Epitaph,0,0,0
Spike,0,0,0
The Man On Her Mind,0,0,0
Shapeshifter,0,0,0
Double Trouble,0,0,0
Ballistica,0,1400000,-1400000
Emergency Landing,0,0,0
Infernal,0,0,0
Terminal Rush,0,0,0
The Big Cat,0,0,0
Dawning,0,0,0
1313: Night of the Widow,0,0,0
River of Darkness,0,0,0
Immortally Yours,0,0,0
The 13th Unit,0,0,0
Hot Summer Week,0,0,0
Stand Strong,0,0,0
The Adventures of Petey and Friends,0,0,0
Alien Origin,0,0,0
Dark Storm,0,0,0
Stepping High,0,0,0
Flight of the Cardinal,0,0,0
Shark Hunter,0,0,0
No Through Road,0,0,0
The Warrior Class,0,500000,-500000
Shortkut - The Con Is On,0,0,0
Humanity's End,0,0,0
Rent a Car,0,0,0
Boots and Saddles,0,0,0
Attila,0,0,0
Trapped in Katrina,0,0,0
The Redwood Massacre,0,156660,-156660
Jack-O,0,0,0
Invisible Dad,0,0,0
Future Force,0,0,0
Moscow Zero,62500,10000000,-9937500
Cannon Fodder,0,2649,-2649
H. H. Holmes: Original Evil,0,0,0
Red Dirt Rising,0,500000,-500000
Dark Island,0,0,0
Back from Hell,0,0,0
All Saints Eve,0,0,0
Sharp as Marbles,0,0,0
Bound by Lies,0,2000000,-2000000
Alien Thunder,0,0,0
The Violent Years,0,0,0
The Auteur Theory,0,0,0
Best Day Ever,0,0,0
The Alternate,0,0,0
Curse of Bigfoot,0,0,0
Into His Arms,0,0,0
King of the Avenue,0,0,0
Toxin,0,0,0
Ba'al,0,0,0
Home Team,0,0,0
Militia,0,0,0
Soul Maid,0,0,0
Dixiana,0,0,0
Satanic Panic,0,0,0
The Jailhouse,0,0,0
Speed Demon,0,0,0
Cheerleader Autopsy,0,0,0
Warriors of Terra,0,0,0
The Cost of Love,0,300000,-300000
Crossland,0,0,0
Freestyle,0,0,0
Return of the Tiger,0,0,0
The Legend of the Titanic,0,0,0
Memory of the Dead,0,0,0
Countdown: Jerusalem,0,0,0
Transmorphers,0,0,0
Knock 'em Dead,0,0,0
Death Pool,0,0,0
Elephant Sighs,0,0,0
Sasquatch Mountain,0,0,0
Dark Walker,0,0,0
Manhunt in Space,0,0,0
Conspiracy Encounters,0,0,0
Thug Love,0,0,0
My Dead Girlfriend,0,0,0
Dumpster Baby,0,0,0
Velvet Smooth,0,0,0
Ghoul School,0,0,0
Maximum Velocity,0,0,0
Dark Nature,0,0,0
Neowolf,0,0,0
Muirhouse,0,0,0
Bad Cop,0,1000000,-1000000
The Empty Acre,0,0,0
AI: Artificial or ADVANCED Intelligence,0,7000,-7000
Day of the Panther,0,0,0
The Dead Undead,0,0,0
Hercules and the Tyrants of Babylon,0,0,0
The Smoke,0,0,0
Crying Wolf,0,0,0
From a Place of Darkness,0,0,0
Good Against Evil,0,0,0
Fatwa,0,0,0
The Forbidden Girl,0,0,0
Finale,0,0,0
Wake the Witch,0,0,0
Carlita's Secret,0,200000,-200000
Blue Demon,0,0,0
Dragon Guardians,0,0,0
Destination: Infestation,0,0,0
Plaguers,0,0,0
The Haunting of Fox Hollow Farm,0,0,0
Stone & Ed,976475550,125000000,851475550
Lethal Eviction,0,3,-3
The Jokesters,0,0,0
No Bad Days,0,0,0
Rise of the Animals,0,7000,-7000
Firehead,0,0,0
Grizzly Rage,0,2000000,-2000000
Alien Uprising,0,0,0
Island of the Dead,0,0,0
Gang Of Ghosts,0,0,0
Throwback,0,0,0
Bone Eater,0,700000,-700000
Stagknight,0,0,0
Starship Rising,0,3000000,-3000000
The Vampire Conspiracy,0,0,0
Dance Fu,0,0,0
It's a Lot,0,0,0
Recon 2022: The Mezzo Incident,0,0,0
Pirates of Treasure Island,0,0,0
Contract Killers,0,0,0
Maan Gaye Mughal-e-Azam,0,0,0
Just Business,0,0,0
Best Worst Friends,0,0,0
Blood Oath,0,0,0
Colossus and the Amazon Queen,0,0,0
Buried Alive,0,0,0
Clawed: The Legend of Sasquatch,0,0,0
Bog,0,0,0
The Creepy Doll,0,50000,-50000
Transmorphers Fall of Man,0,0,0
Spoils of War,0,0,0
Shark Zone,0,0,0
Evil Eyes,0,0,0
Flesh Wounds,0,0,0
Sin Reaper,0,0,0
Christian Blake,0,0,0
The Legend of Sasquatch,0,0,0
Fields of the Dead,0,0,0
Savage Planet,0,0,0
Till the End of the Night,0,0,0
Curse of the Swamp Creature,0,0,0
Elvis Lives!,0,0,0
Shred II,0,0,0
Secret Agent Super Dragon,0,0,0
Skull Heads,0,500000,-500000
Escape From Taliban,0,0,0
Fear House,0,0,0
Machine,0,0,0
Unidentified,0,0,0
The Mystical Adventures of Billy Owens,0,0,0
Mad Bad,0,0,0
The Bill Collector,0,0,0
A risky revenge,0,0,0
The Daniel Tiger Movie: Won't You Be Our Neighbor?,0,0,0
Morning Star,0,3000000,-3000000
The Stitcher,0,0,0
Clash of the Empires,0,0,0
Feeders 2: Slay Bells,0,0,0
Ominous,0,0,0
The Devil's Mercy,0,0,0
Death by Dialogue,0,0,0
Life's a Jungle: Africa's Most Wanted,0,0,0
Good Chemistry,0,0,0
The Guy From Harlem,0,0,0
Platoon of the Dead,0,0,0
Science Of The Soul,0,0,0
Ghouls,0,0,0
Allman Brothers: After The Crash,0,0,0
Don't Cry For Me Papa,0,0,0
Rise of the Dead,0,0,0
Blood Soaked,0,0,0
Tainted Souls,0,0,0
The Wickeds,0,0,0
2010 NBA Champions: Los Angeles Lakers,0,0,0
"Fortnite: Battle, Build, Survive!",0,0,0
Jaguar: Going Electric,0,0,0
Colossus and the Headhunters,0,0,0
Enemies Among Us,0,100000,-100000
Kingdom of Gladiators,0,3000000,-3000000
Duane Michals: The Man Who Invented Himself,0,0,0
Bear Snores On,0,0,0
Tom Clancy's The Division: Agent Origins,0,0,0
The Mini Witch,0,0,0
Children of Shame,0,0,0
Sunshine,0,0,0
Malicious Intent,0,0,0
The Collector: Allan Stone's Life in Art,0,0,0
The Contract,0,2566000,-2566000
Broadside: Emerging Empires Collide,0,0,0
ABC & 123,0,0,0
U-455: The Mystery of the Lost Submarine,0,0,0
Red Bull Project X,0,0,0
Habermann,0,0,0
Contrast,0,0,0
James Salter: A Sport and a Pastime,0,0,0
King of Scots,0,0,0
Humpty Dumpty & More Kids Songs: Super Simple Songs,0,0,0
The Northwest Passage: The Last Great Frontier,0,0,0
Facundo Alitaftaf,0,0,0
Bye,0,0,0
Beyonce: On Top,0,0,0
Brainy Bubbly Bug Buddies 2,0,0,0
A Promise That Was Broken,0,0,0
Behold the Earth,0,0,0
The Tormenting,0,0,0
Forest of Crocodiles,0,49479,-49479
Going to Hell: The Movie,0,0,0
Paddle to the Ocean,0,0,0
The Fairies: Fairy Beach,0,0,0
Murge: The Cold War Front,0,0,0
Arthur and the Haunted Tree House,0,0,0
Bonobo - The North Borders Tour - Live,0,0,0
Have Fun,0,0,0
Baja: The Other California,0,0,0
Whatever Happened to the Windsors? King Edward VIII And Wallis Simpson,0,0,0
The War of 33 - Letters from Beirut,0,0,0
Don Mclean - Starry Starry Night,0,0,0
Tough at the Top,0,0,0
Put Your Heart on the Page,0,0,0
Carpe Diem: A Fishy Tale,0,0,0
The Impassive Muse,0,0,0
Dr. Dre: Another Beat,0,0,0
"Rebel: Loreta Velazquez, Secret Soldier of the American Civil War",0,0,0
"The Best of I Love Toy Trains, Parts 7-12",0,0,0
Little Pim: Get up and Go! - Korean for Kids,0,0,0
Stigma,0,0,0
Hawaiian Surf Stories,0,0,0
Power Trip,0,0,0
Columbus In America,0,0,0
On The Wings of The Monarch,0,0,0
I Can't Believe I'm Telling You This,0,0,0
Paranormal Rosslyn Chapel,0,0,0
Hitler's Secret Son,0,0,0
Third Day,0,0,0
Human Zoos,0,0,0
Wow Moments,0,0,0
Senior Conundrum,0,0,0
Lots & Lots of Fire Trucks - Amazing Rescue Rigs!,0,0,0
Volcanic Planet,0,0,0
Hitler's Women,0,0,0
Kindness Matters,0,165,-165
Paul Rodriguez: Just for the Record,0,0,0
This Is the Day,0,0,0
Wacken,0,0,0
Truck Tunes,0,0,0
Voyage Of Curiosity,0,0,0
The Illumined Ones,0,0,0
[Indistinct Chatter],0,0,0
My Side Piece Hit The Lotto,0,500000,-500000
Who Cares About The Saints?,0,0,0
Carrie Underwood: Country Idol,0,0,0
Italy's Mystery Mountains,0,0,0
Killer Wears White,0,0,0
Lil Wayne: Bling,0,0,0
Before I Do,0,0,0
The Apostles After Jesus,0,0,0
Scrap,0,0,0
God's Comic,0,0,0
Ruby's Studio: The Friendship Show,0,0,0
How to Love,0,0,0
Truck Tunes 2,0,0,0
Songs to Have Sex To,0,0,0
Shred Bots: R3boot,0,0,0
Set Free,0,0,0
Las Vegas Story,0,0,0
New York Murder,0,0,0
Kanye West: Outspoken,0,0,0
Ritratti Di Surf,0,0,0
Children of the Trains,0,0,0
Princess Diana: The Quiet Revolution,0,0,0
Mechanical Monsters,0,0,0
JK's House,0,300000,-300000
White Rock Boxing,0,0,0
New York State of Mind Movie,0,0,0
The Lindt Cafe Siege,0,0,0
Brad Stine - Boycott This!,0,0,0
Junior,0,0,0
Church Of Felons,0,0,0
Wrestling with Satan,0,0,0
Love & I Had A Fight,102820008,30000000,72820008
Enter the Jungle,0,0,0
Napoli Dogs,0,0,0
Fire Lines,0,0,0
Big Wata,0,0,0
The Story of Crop Circles,0,0,0
Enemies,0,0,0
Passing Through,0,0,0
Bone Hunter,0,0,0
Everything and Nothing: The Amazing Science of Empty Space,0,0,0
Same Difference,0,0,0
Wings for Maggie Ray,0,0,0
White Lady,0,0,0
Love Is Where You Find It,0,0,0
The Independent Game,0,0,0
Words Of Art,0,0,0
Bound To The Body,0,0,0
Murder Gardens,0,0,0
Metallica: Kill 'Em All to St. Anger - The Ultimate Critical Review,0,0,0
Tiger Day: Tiger Tank 131,0,0,0
Lots and Lots of Trucks: Hard Workin' Trucks,0,0,0
Wild Kratts: Alaska- Hero's Journey,0,0,0
Sunshine Day,0,0,0
Behind the Race to the Moon,0,0,0
Star Wars: A New Hope,775398007,11000000,764398007
Star Wars: The Empire Strikes Back,538400000,18000000,520400000
The Lion King,763455561,45000000,718455561
Toy Story,373554033,30000000,343554033
Avengers: Endgame,2797800564,356000000,2441800564
WALL·E,521311860,180000000,341311860
Up,735099082,175000000,560099082
Guardians of the Galaxy,772776600,170000000,602776600
Finding Nemo,940335536,94000000,846335536
Coco,800526015,175000000,625526015
Toy Story 3,1066969703,200000000,866969703
"Monsters, Inc.",562816256,115000000,447816256
Star Wars: Return of the Jedi,572700000,32350000,540350000
Zootopia,1023784195,150000000,873784195
Star Wars: The Force Awakens,2068223624,245000000,1823223624
Captain America: Civil War,1153296293,250000000,903296293
Thor: Ragnarok,853977126,180000000,673977126
The Princess Bride,30861665,16000000,14861665
Ratatouille,623722818,150000000,473722818
Captain America: The Winter Soldier,714766572,170000000,544766572
Aladdin,504050219,28000000,476050219
Toy Story 2,497366869,90000000,407366869
The Incredibles,631442092,92000000,539442092
Pirates of the Caribbean: The Curse of the Black Pearl,655011224,140000000,515011224
Avatar,2787965087,237000000,2550965087
Big Hero 6,657827828,165000000,492827828
Doctor Strange,677700000,165000000,512700000
Guardians of the Galaxy Vol. 2,863756051,200000000,663756051
Rogue One: A Star Wars Story,1056057273,200000000,856057273
Toy Story 4,1073394593,175000000,898394593
Moana,690860472,150000000,540860472
Frozen,1274219009,150000000,1124219009
The Nightmare Before Christmas,75634409,18000000,57634409
Black Panther,1346739107,200000000,1146739107
Tangled,592461732,260000000,332461732
Wreck-It Ralph,471222889,165000000,306222889
Ant-Man,519311965,130000000,389311965
Onward,103181419,200000000,-96818581
Avengers: Age of Ultron,1405403694,250000000,1155403694
Mary Poppins,102272727,6000000,96272727
Finding Dory,1028570889,200000000,828570889
Who Framed Roger Rabbit,329803958,70000000,259803958
Mulan,304320254,90000000,214320254
Iron Man 3,1214811252,200000000,1014811252
The Sound of Music,286214286,8200000,278014286
Ice Age,383257136,59000000,324257136
Cars,461983149,120000000,341983149
Snow White and the Seven Dwarfs,184925486,1488423,183437063
Monsters University,743559607,200000000,543559607
Frozen II,1450026933,150000000,1300026933
Togo,0,0,0
A Bug's Life,363258859,120000000,243258859
The Jungle Book,205843612,4000000,201843612
Remember the Titans,136706683,30000000,106706683
Brave,538983207,185000000,353983207
The Simpsons Movie,527068851,75000000,452068851
Fantasia,83320000,2280000,81040000
The Emperor's New Groove,169327687,100000000,69327687
The Straight Story,6203044,10000000,-3796956
One Hundred and One Dalmatians,215880014,4000000,211880014
Lady and the Tramp,93933394,4000000,89933394
Pinocchio,84300000,2600000,81700000
Thor: The Dark World,644571402,170000000,474571402
Star Wars: The Last Jedi,1332539889,200000000,1132539889
Lilo & Stitch,145771527,80000000,65771527
Star Wars: The Rise of Skywalker,1074144248,250000000,824144248
Pirates of the Caribbean: Dead Man's Chest,1065659812,200000000,865659812
Bambi,267447150,858000,266589150
Captain Marvel,1128276090,152000000,976276090
Alice in Wonderland,572000000,3000000,569000000
Peter Pan,87404651,4000000,83404651
"The Chronicles of Narnia: The Lion, the Witch and the Wardrobe",745013115,180000000,565013115
Miracle on 34th Street,0,0,0
Pirates of the Caribbean: At World's End,961000000,300000000,661000000
The Many Adventures of Winnie the Pooh,0,0,0
Star Wars: Episode II - Attack of the Clones,649398328,120000000,529398328
The Muppet Movie,76657000,0,76657000
Mickey's Christmas Carol,21000000,3000000,18000000
Star Wars: Episode I - The Phantom Menace,924317558,115000000,809317558
Cool Runnings,154856263,14000000,140856263
The Parent Trap,92108518,15000000,77108518
The Muppet Christmas Carol,27281507,12000000,15281507
Treasure Planet,109578115,140000000,-30421885
The Fox and the Hound,29800000,12000000,17800000
Holes,0,20000000,-20000000
Pete's Dragon,143695338,65000000,78695338
The Good Dinosaur,332207671,175000000,157207671
Frankenweenie,35287788,39000000,-3712212
Tron,33000000,17000000,16000000
Winnie the Pooh,14460000,30000000,-15540000
TRON: Legacy,400062763,170000000,230062763
The Sword in the Stone,22182353,3000000,19182353
The Aristocats,55675257,4000000,51675257
Cars 3,383925276,175000000,208925276
Queen of Katwe,10367161,15000000,-4632839
Homeward Bound: The Incredible Journey,0,0,0
Maleficent: Mistress of Evil,491570967,185000000,306570967
Before the Flood,0,0,0
The Chronicles of Narnia: Prince Caspian,419665568,225000000,194665568
The Great Mouse Detective,38625550,14000000,24625550
Flight of the Navigator,18564613,9000000,9564613
James and the Giant Peach,28946127,38000000,-9053873
Willow,57269863,35000000,22269863
Meet the Robinsons,169332978,150000000,19332978
Star Wars: Episode III - Revenge of the Sith,850000000,113000000,737000000
Fantasia 2000,90874570,80000000,10874570
Tinker Bell,0,48000000,-48000000
The Rescuers,71215869,1200000,70015869
Eight Below,120455994,40000000,80455994
Invincible,57806952,0,57806952
Sister Act,231605150,31000000,200605150
John Carter,284139100,250000000,34139100
Freaky Friday,110230332,26000000,84230332
The Santa Clause,189833357,22000000,167833357
Descendants,0,0,0
Old Yeller,0,0,0
"Honey, I Shrunk the Kids",222724172,18000000,204724172
Phineas and Ferb the Movie: Across the 2nd Dimension,0,0,0
Pirates of the Caribbean: On Stranger Tides,1045713802,380000000,665713802
The BFG,195243411,140000000,55243411
The Princess Diaries,165335153,37000000,128335153
National Treasure: Book of Secrets,459242249,130000000,329242249
The Finest Hours,52099090,80000000,-27900910
DuckTales: The Movie - Treasure of the Lost Lamp,18115724,0,18115724
A Goofy Movie,35348597,18000000,17348597
The Greatest Game Ever Played,15431177,25000000,-9568823
The Lion King 1½,0,0,0
The Lion King II: Simba's Pride,0,0,0
The Adventures of Ichabod and Mr. Toad,0,0,0
Tinker Bell and the Lost Treasure,0,0,0
Bedknobs and Broomsticks,17900000,20000000,-2100000
Hocus Pocus,39514713,28000000,11514713
Secretariat,60251371,35000000,25251371
Darby O'Gill and the Little People,0,0,0
Muppet Treasure Island,34327391,0,34327391
The Rescuers Down Under,47431461,37931000,9500461
The Rocketeer,62000000,42000000,20000000
High School Musical,0,4200000,-4200000
Atlantis: The Lost Empire,186053725,120000000,66053725
The Great Muppet Caper,0,0,0
Teen Beach Movie,0,0,0
Journey to the Center of the Earth,10000000,3440000,6560000
Pollyanna,3750000,2500000,1250000
High School Musical 2,7000000,0,7000000
Halloweentown,0,0,0
Brother Bear,250397798,128000000,122397798
Millions,45833132,20000000,25833132
Muppets Most Wanted,80383290,50000000,30383290
The Journey of Natty Gann,9708373,0,9708373
Secret of the Wings,0,0,0
Cars 2,559852396,200000000,359852396
Tinker Bell and the Great Fairy Rescue,0,0,0
Descendants 2,0,0,0
Adventures in Babysitting,0,9000000,-9000000
Dinosaur,354248063,127500000,226748063
Dumbo,215832199,170000000,45832199
The Color of Friendship,0,0,0
Oliver & Company,74151346,31000000,43151346
Monkey Kingdom,16661077,0,16661077
"Davy Crockett, King of the Wild Frontier",0,0,0
The Three Caballeros,0,0,0
That Darn Cat!,0,0,0
African Cats,30857747,5000000,25857747
Newsies,0,15000000,-15000000
3 Men and a Baby,242780960,11000000,231780960
Tuck Everlasting,19158074,15000000,4158074
The Incredible Journey,0,0,0
The Love Bug,0,0,0
High School Musical 3: Senior Year,252909177,11000000,241909177
Return to Oz,11137801,25000000,-13862199
Blackbeard's Ghost,0,0,0
Chimpanzee,34823764,5000000,29823764
The Absent-Minded Professor,0,0,0
Camp Rock,0,0,0
Penguins,0,0,0
Pooh's Heffalump Movie,52900000,20000000,32900000
Turner & Hooch,71079915,13000000,58079915
Glory Road,42647449,0,42647449
Princess Protection Program,0,0,0
Science Fair,0,0,0
Greyfriars Bobby: The True Story of a Dog,0,0,0
Diary of a Wimpy Kid,76196538,15000000,61196538
The Odd Life of Timothy Green,56012642,25000000,31012642
Splash,69821334,8000000,61821334
The Princess Diaries 2: Royal Engagement,95149435,40000000,55149435
The Black Cauldron,21288692,25000000,-3711308
The Game Plan,147880543,22000000,125880543
Cinderella III: A Twist in Time,0,0,0
Waking Sleeping Beauty,80,0,80
The Tigger Movie,45554533,30000000,15554533
Escape to Witch Mountain,20000000,0,20000000
Timmy Failure: Mistakes Were Made,0,45000000,-45000000
101 Dalmatians,320689294,54000000,266689294
The Last Song,0,0,0
George of the Jungle,174463257,55000000,119463257
Frank and Ollie,0,0,0
The Santa Clause 2,172842355,65000000,107842355
Heavyweights,17689177,10000000,7689177
Ice Princess,27645491,25000000,2645491
Bedtime Stories,212874864,80000000,132874864
Cheaper by the Dozen,190212113,40000000,150212113
An Extremely Goofy Movie,0,0,0
Twitches,0,20000000,-20000000
Iron Will,21006361,0,21006361
Aladdin and the King of Thieves,0,0,0
Piglet's Big Movie,62870546,46000000,16870546
Because of Winn-Dixie,32645546,14000000,18645546
Fun and Fancy Free,0,0,0
Mickey's Once Upon a Christmas,0,0,0
Deep Blue,0,0,0
Red Tails,50365377,58000000,-7634623
Lilo & Stitch 2: Stitch Has a Glitch,0,0,0
Ruby Bridges,0,0,0
Doctor Dolittle,294456605,71000000,223456605
Brother Bear 2,0,0,0
Camp Rock 2: The Final Jam,0,0,0
Recess: School's Out,44460850,10000000,34460850
The Adventures of Huck Finn,24103594,6500000,17603594
Lemonade Mouth,0,0,0
The Crimson Wing: Mystery of the Flamingos,0,0,0
Big Business,0,0,0
Melody Time,0,2000000,-2000000
Bambi II,0,0,0
The Cheetah Girls,0,0,0
Hannah Montana: The Movie,155545279,35000000,120545279
Herbie Rides Again,0,0,0
Descendants 3,0,15000000,-15000000
Olaf's Frozen Adventure,0,0,0
The Apple Dumpling Gang,0,0,0
Newsies: The Broadway Musical,0,0,0
101 Dalmatians II: Patch's London Adventure,0,0,0
Saludos Amigos,1135000,0,1135000
Mighty Joe Young,0,90000000,-90000000
Thumbelina,11373501,28000000,-16626499
The Lizzie McGuire Movie,55534455,17000000,38534455
The Cat from Outer Space,0,0,0
Rookie of the Year,56500758,31000000,25500758
Sister Act 2: Back in the Habit,57319029,38000000,19319029
Homeward Bound II: Lost in San Francisco,32709423,0,32709423
Jump In!,0,0,0
Roving Mars,0,0,0
The Black Hole,35841901,20000000,15841901
Lady and the Tramp II: Scamp's Adventure,0,0,0
Around the World in 80 Days,72178895,110000000,-37821105
Luxo Jr.,0,0,0
Flubber,177977226,80000000,97977226
The Return of Jafar,0,3500000,-3500000
Aliens of the Deep,0,0,0
"Mickey, Donald, Goofy: The Three Musketeers",0,0,0
The Little Mermaid: Ariel's Beginning,0,0,0
Pooh's Grand Adventure: The Search for Christopher Robin,0,0,0
Jack,58620973,45000000,13620973
Stargirl,0,0,0
Return to Never Land,109862682,20000000,89862682
The Shaggy Dog,17658000,1250000,16408000
Herbie Goes to Monte Carlo,0,0,0
Home on the Range,103951461,110000000,-6048539
The Little Mermaid II: Return to the Sea,0,0,0
The Cheetah Girls: One World,0,0,0
Leroy & Stitch,0,0,0
Herbie Fully Loaded,66002004,50000000,16002004
Let It Shine,0,0,0
Wizards of Waverly Place: The Movie,0,0,0
A Wrinkle in Time,132675864,103000000,29675864
Benji the Hunted,22257624,0,22257624
Recess: Taking the Fifth Grade,0,0,0
The Even Stevens Movie,0,0,0
Marvel Rising: Secret Warriors,0,0,0
Mars Needs Moms,38992758,150000000,-111007242
Sharpay's Fabulous Adventure,0,0,0
The Wizards Return: Alex vs. Alex,0,0,0
Home Alone 3,79082515,32000000,47082515
3 Men and a Little Lady,0,0,0
Beauty and the Beast: The Enchanted Christmas,0,0,0
Annie,0,0,0
Tiger Cruise,0,0,0
Stitch! The Movie,0,0,0
Babes in Toyland,0,0,0
Brink!,0,0,0
Tall Tale,0,32000000,-32000000
"Good Luck Charlie, It's Christmas!",0,0,0
G-Force,292817841,150000000,142817841
Cloud 9,0,0,0
Geek Charming,0,0,0
Snow Dogs,81000000,35000000,46000000
Mulan II,0,0,0
Dr. Dolittle 2,176104344,70000000,106104344
Camp Nowhere,0,0,0
Honey I Blew Up the Kid,58662452,40000000,18662452
Steamboat Willie,0,4986,-4986
Motocrossed,0,0,0
One Magic Christmas,13677222,0,13677222
The Computer Wore Tennis Shoes,0,0,0
Halloweentown II: Kalabar's Revenge,0,0,0
102 Dalmatians,183611771,85000000,98611771
The Santa Clause 3: The Escape Clause,84500122,12000000,72500122
Teen Beach 2,0,0,0
Return from Witch Mountain,16393000,0,16393000
Kitbull,0,0,0
Tru Confessions,0,0,0
Treasure Island,0,0,0
Prom,10130000,8000000,2130000
Mickey's Twice Upon a Christmas,0,10000000,-10000000
Zenon: Girl of the 21st Century,0,0,0
The Wild,37384046,80000000,-42615954
Halloweentown High,0,0,0
Valiant,61746888,35000000,26746888
Candleshoe,0,0,0
The Haunted Mansion,182290266,90000000,92290266
Twitches Too,0,0,0
Jungle 2 Jungle,59927618,32000000,27927618
Hannah Montana & Miley Cyrus: Best of Both Worlds Concert,70642966,7000000,63642966
The Ugly Dachshund,0,0,0
Kronk's New Groove,0,0,0
Marvel Studios: Assembling a Universe,0,0,0
Smart House,0,0,0
Cadet Kelly,0,0,0
Z-O-M-B-I-E-S,0,0,0
Tom and Huck,23920048,0,23920048
Young Black Stallion,0,0,0
Tangled: Before Ever After,0,0,0
The Reluctant Dragon,0,600,-600
Pocahontas II: Journey to a New World,0,0,0
Cheetah,8153677,5000000,3153677
Avalon High,0,0,0
The Fox and the Hound 2,0,24000000,-24000000
"Honey, We Shrunk Ourselves",0,7000000,-7000000
How to Build a Better Boy,0,0,0
The Jungle Book 2,135680000,20000000,115680000
The Luck of the Irish,0,0,0
Tin Toy,123967,300000,-176033
Return to Halloweentown,0,0,0
Winnie the Pooh: A Very Merry Pooh Year,0,0,0
Johnny Tsunami,0,0,0
The Disney Family Singalong,0,10000000,-10000000
Don't Look Under the Bed,0,0,0
I'll Be Home for Christmas,0,30000000,-30000000
Invisible Sister,0,0,0
Confessions of a Teenage Drama Queen,29331068,15000000,14331068
The Shaggy D.A.,0,0,0
Minutemen,0,5000000,-5000000
Shipwrecked,15024232,8500000,6524232
Into the Okavango,0,0,0
Winnie the Pooh: Springtime with Roo,0,0,0
12 Dates of Christmas,0,0,0
Cow Belles,0,5000000,-5000000
The Brave Little Toaster to the Rescue,0,0,0
Blank Check,0,13000000,-13000000
Cinderella II: Dreams Come True,0,5000000,-5000000
The Thirteenth Year,0,0,0
Phineas and Ferb: Star Wars,0,0,0
Belle's Magical World,0,0,0
Davy Crockett and the River Pirates,0,0,0
The Suite Life Movie,0,0,0
Lamp Life,0,0,0
Tarzan & Jane,0,0,0
Bad Hair Day,0,0,0
Operation Dumbo Drop,0,0,0
The Story of Robin Hood and His Merrie Men,0,0,0
Read It and Weep,0,0,0
The Living Desert,0,0,0
Herbie Goes Bananas,0,0,0
Mr. Boogedy,0,0,0
Double Teamed,0,0,0
The Brave Little Toaster Goes to Mars,0,0,0
First Kid,0,0,0
The Adventures of Bullwhip Griffin,0,0,0
The Proud Family Movie,0,0,0
Phineas and Ferb: Mission Marvel,0,0,0
Go Figure,0,0,0
Stuck in the Suburbs,0,0,0
Ice Age: The Great Egg-Scapade,0,0,0
College Road Trip,51549674,25000000,26549674
Girl vs. Monster,0,0,0
Going to the Mat,0,0,0
Right on Track,0,0,0
Life with Mikey,0,0,0
Wendy Wu: Homecoming Warrior,0,6000000,-6000000
"Marvel: 75 Years, From Pulp to Pop!",0,0,0
The Small One,0,0,0
Phantom of the Megaplex,0,0,0
The Apple Dumpling Gang Rides Again,0,0,0
Mom's Got a Date with a Vampire,0,0,0
Atlantis: Milo's Return,0,0,0
Snowball Express,0,0,0
Sacred Planet,0,0,0
The Hunchback of Notre Dame II,0,0,0
Rip Girls,0,0,0
MARS: Inside SpaceX,0,0,0
Zenon: The Zequel,0,0,0
Wings of Life,0,0,0
Get a Clue,0,0,0
Hatching Pete,0,0,0
Apollo: Missions to the Moon,0,0,0
Pixel Perfect,0,0,0
The Vanishing Prairie,1750000,0,1750000
Alley Cats Strike,0,0,0
Life-Size 2,0,0,0
Johnny Kapahala - Back on Board,0,0,0
Jumping Ship,0,0,0
The Million Dollar Duck,0,0,0
Frenemies,0,0,0
Eddie's Million Dollar Cook Off,0,0,0
Babes in the Woods,0,16855,-16855
America's Heart and Soul,314402,0,314402
The Mistle-Tones,0,0,0
A Ring of Endless Light,0,0,0
The Other Me,0,0,0
"Up, Up, and Away",0,0,0
Dolphin Reef,0,0,0
Gus,0,0,0
Almost Angels,0,0,0
Gotta Kick It Up!,0,0,0
The African Lion,0,0,0
Horse Sense,0,0,0
Snowglobe,0,0,0
Once Upon A Mattress,0,0,0
Jonas Brothers: The Concert Experience,0,0,0
You Wish!,0,0,0
The Country Bears,18012097,35000000,-16987903
A Celebration of the Music from Coco,0,0,0
In the Footsteps of Elephant,0,0,0
Out of Scale,0,0,0
Inspector Gadget 2,0,12000000,-12000000
Zenon: Z3,0,0,0
Den Brother,0,0,0
Miracle In Lane 2,0,0,0
Three Days,0,0,0
Atlantis Rising,0,0,0
Doug's 1st Movie,0,0,0
The Strongest Man in the World,0,0,0
Titanic: 20 Years Later with James Cameron,0,0,0
Quints,0,0,0
Breaking2,0,0,0
Life Is Ruff,0,0,0
Jungle Cat,0,0,0
Under the Sea: A Descendants Story,0,0,0
Santa Paws 2: The Santa Pups,0,0,0
Dadnapped,0,4500000,-4500000
Bride of Boogedy,0,0,0
Into the Grand Canyon,0,0,0
The Ultimate Christmas Present,0,0,0
Diving with Dolphins,0,0,0
A Kid in King Arthur's Court,0,0,0
Marvel Rising: Chasing Ghosts,0,0,0
Super Buddies,0,0,0
The Sandlot: Heading Home,0,0,0
Marvel Rising: Heart of Iron,0,0,0
The Secret of the Magic Gourd,0,0,0
Recess: All Growed Down,0,0,0
The Scream Team,0,0,0
Perri,0,0,0
Penguins: Life on the Edge,0,0,0
High School Musical: The Musical: The Series: The Special,0,0,0
Buffalo Dreams,0,0,0
Full-Court Miracle,0,0,0
Twas the Night,0,0,0
George of the Jungle 2,0,0,0
The Plausible Impossible,0,0,0
Miracle at Midnight,0,0,0
Iron Man & Hulk: Heroes United,1214811252,200000000,1014811252
Stepsister from Planet Weird,0,0,0
Expedition Mars,0,0,0
That Darn Cat,0,0,0
Those Calloways,0,0,0
The Sign of Zorro,0,0,0
Decorating Disney: Holiday Magic,0,0,0
Treasure of Matecumbe,0,0,0
The Christmas Star,0,0,0
Stonehenge: Decoded,0,0,0
Marvel Rising: Operation Shuri,0,0,0
Emil and the Detectives,0,0,0
Marvel Rising: Battle of the Bands,0,0,0
Kazaam,18937262,20000000,-1062738
Marvel Rising: Playing with Fire,0,0,0
Nature's Half Acre,0,0,0
Ready to Run,0,0,0
You Lucky Dog,0,0,0
Water Birds,0,0,0
The Flood,0,0,0
Skyrunners,0,0,0
The Lost Tomb of Alexander the Great,0,0,0
Drain the Great Lakes,0,0,0
Paris to Pittsburgh,0,0,0
A Tale of Two Critters,0,0,0
Drain the Titanic,0,0,0
Fuzzbucket,0,0,0
Trail of the Panda,0,0,0
Secrets of Christ's Tomb: Explorer Special,0,0,0
"Sammy, the Way-Out Seal",0,0,0
Meet the Deedles,4562146,24000000,-19437854
Justin Morgan Had a Horse,0,0,0
The Biscuit Eater,0,0,0
Prowlers of the Everglades,0,0,0
The Castaway Cowboy,0,0,0
Casebusters,0,0,0
Mission to the Sun,0,0,0
Drain the Bermuda Triangle,4000000,2000000,2000000
Drain The Ocean: WWII,0,0,0
Hounded,0,0,0
Yellowstone Cubs,0,0,0
Kingdom of the Blue Whale,0,0,0
Viking Warrior Women,0,0,0
Pocahontas,346079773,55000000,291079773
Drain Alcatraz,0,0,0
The Spaceman and King Arthur,0,5250000,-5250000
Secrets of Life,0,0,0
Hacksaw,0,0,0
Can of Worms,0,0,0
My Dog the Thief,0,0,0
Richie Rich's Christmas Wish,0,6000000,-6000000
The Jungle Book: Mowgli's Story,0,0,0
How Dogs Got Their Shapes,0,0,0
Drain The Sunken Pirate City,0,0,0
Earth Live,0,0,0
The Boy Who Talked to Badgers,0,0,0
Sea of Hope: America's Underwater Treasures,0,0,0
Sultan And The Rock Star,0,0,0
Secrets of the King Cobra,0,0,0
Winged Seduction: Birds of Paradise,0,0,0
The Bears and I,4000000,0,4000000
Whispers: An Elephant's Tale,537,4,533
The Ghosts of Buxley Hall,0,0,0
The Poof Point,0,0,0
Sharks of Lost Island,0,0,0
Man Among Cheetahs,0,0,0
In Beaver Valley,0,0,0
